END	800	START	200	SCAN SPEED	120	RESPONSE	5	EMISSION297					TEMPERATURE	25									OPERATOR	GPS	REF NO	1	DATE TIME	11-03-2021 16:18:59	SAMPLE	FLU	201.258	-0.002
201.877	-0.002
203.218	-0.002
203.733	-0.003
204.455	-0.002
204.765	-0.002
204.868	-0.003
205.178	-0.002
205.384	-0.002
205.693	-0.002
205.796	-0.002
206.312	-0.002
206.519	-0.002
206.828	-0.003
207.034	-0.002
207.241	-0.003
207.653	-0.002
207.756	-0.003
207.860	-0.002
208.375	-0.002
208.478	-0.002
208.788	-0.002
209.097	-0.002
209.304	-0.002
209.510	-0.002
209.716	-0.003
210.026	-0.002
210.438	-0.002
210.851	-0.002
211.057	-0.003
211.470	-0.003
211.779	-0.002
211.986	-0.002
212.192	-0.002
212.501	-0.002
212.811	-0.002
213.120	-0.002
213.327	-0.002
213.636	-0.002
214.049	-0.002
214.255	-0.002
214.461	-0.002
214.564	-0.002
214.874	-0.002
215.183	-0.002
215.493	-0.002
215.802	-0.002
216.112	-0.002
216.112	-0.002
216.627	-0.002
216.834	-0.002
217.143	-0.002
217.350	-0.002
217.659	-0.002
217.865	-0.002
218.072	-0.002
218.381	-0.002
218.587	-0.002
218.690	-0.002
219.206	-0.002
219.309	-0.002
219.619	-0.003
219.825	-0.002
220.238	-0.003
220.341	-0.002
220.754	-0.002
220.960	-0.002
221.269	-0.003
221.372	-0.002
221.785	-0.002
221.991	-0.002
222.301	-0.002
222.404	-0.002
222.817	-0.002
223.023	-0.002
223.332	-0.002
223.435	-0.002
223.848	-0.002
224.054	-0.002
224.261	-0.002
224.467	-0.002
224.776	-0.002
224.880	-0.002
225.395	-0.002
225.602	-0.002
225.808	-0.002
225.911	-0.002
226.427	-0.002
226.633	-0.002
226.840	-0.002
226.943	-0.002
227.458	-0.002
227.458	-0.002
227.871	-0.002
227.974	-0.002
228.490	-0.002
228.490	-0.002
228.903	-0.002
229.006	-0.003
229.521	-0.003
229.521	-0.002
230.037	-0.002
230.140	-0.002
230.450	-0.002
230.862	-0.002
230.862	-0.002
231.275	-0.002
231.275	-0.002
231.791	-0.002
232.100	-0.002
232.203	-0.002
232.513	-0.002
232.719	-0.002
232.926	-0.003
233.235	-0.002
233.648	-0.002
233.751	-0.002
234.163	-0.002
234.266	-0.003
234.576	-0.002
234.782	-0.002
235.195	-0.002
235.195	-0.002
235.401	-0.002
235.711	-0.002
236.123	-0.002
236.330	-0.002
236.536	-0.002
236.948	-0.002
237.258	-0.002
237.361	-0.002
237.567	-0.002
237.774	-0.002
238.083	-0.002
238.289	-0.002
238.702	-0.002
238.805	-0.002
239.321	-0.002
239.424	-0.002
239.527	-0.002
239.940	-0.002
240.146	-0.002
240.456	-0.002
240.765	-0.002
240.971	-0.002
241.075	-0.002
241.487	-0.002
241.797	-0.002
242.106	-0.003
242.209	-0.002
242.622	-0.002
242.931	-0.002
243.034	-0.002
243.138	-0.002
243.550	-0.002
243.860	-0.003
243.963	-0.003
244.272	-0.002
244.479	-0.002
244.582	-0.002
244.994	-0.002
245.201	-0.002
245.510	-0.002
246.026	-0.002
246.026	-0.002
246.542	-0.002
246.438	-0.002
246.645	-0.002
247.161	-0.002
247.470	-0.002
247.573	-0.002
247.779	-0.002
248.192	-0.003
248.502	-0.002
248.605	-0.003
248.914	-0.002
249.120	-0.003
249.636	-0.002
249.739	-0.002
250.152	-0.002
250.255	-0.003
250.565	-0.002
250.771	-0.002
251.183	-0.002
251.287	-0.003
251.493	-0.002
251.699	-0.002
252.215	-0.002
252.318	-0.002
252.628	-0.002
252.834	-0.002
252.937	-0.002
253.453	-0.003
253.659	-0.002
253.865	-0.002
254.175	-0.002
254.381	-0.002
254.794	-0.002
254.897	-0.002
255.310	-0.002
255.413	-0.003
255.825	-0.002
255.928	-0.003
256.238	-0.002
256.341	-0.002
256.754	-0.002
256.857	-0.003
257.269	-0.002
257.373	-0.002
257.579	-0.003
257.888	-0.002
258.198	-0.002
258.404	-0.003
258.714	-0.002
258.920	-0.003
259.229	-0.003
259.436	-0.002
259.951	-0.002
260.055	-0.003
260.364	-0.002
260.570	-0.003
260.673	-0.002
260.983	-0.002
261.499	-0.002
261.499	-0.002
261.911	-0.002
262.014	-0.002
262.530	-0.002
262.530	-0.002
262.840	-0.002
263.149	-0.002
263.459	-0.002
263.562	-0.002
263.871	-0.002
264.077	-0.002
264.284	-0.002
264.696	-0.002
264.696	-0.003
265.109	-0.002
265.315	-0.002
265.625	-0.002
265.831	-0.002
266.141	-0.002
266.450	-0.002
266.759	-0.002
266.966	-0.002
267.172	-0.002
267.585	-0.002
267.791	-0.002
267.894	-0.003
268.100	-0.002
268.513	-0.002
268.823	-0.002
268.926	-0.003
269.235	-0.002
269.441	-0.002
269.751	-0.002
269.957	-0.002
270.267	-0.002
270.576	-0.002
270.782	-0.002
271.195	-0.002
271.298	-0.002
271.608	-0.002
271.814	-0.002
272.123	-0.002
272.330	-0.002
272.639	-0.002
272.845	-0.002
273.052	-0.003
273.361	-0.002
273.671	-0.002
273.877	-0.002
274.186	-0.002
274.393	-0.002
274.599	-0.002
275.012	-0.002
275.321	-0.002
275.424	-0.002
275.734	-0.002
275.940	-0.002
276.249	-0.002
276.662	-0.002
276.765	-0.002
276.972	-0.002
277.281	-0.002
277.590	-0.002
277.694	-0.002
278.106	-0.002
278.416	-0.002
278.416	-0.002
278.931	-0.002
278.931	-0.002
279.447	-0.003
279.757	-0.002
279.963	-0.002
280.169	-0.002
280.479	-0.002
280.788	-0.002
280.994	-0.002
281.201	-0.002
281.510	-0.002
281.923	-0.002
282.026	-0.002
282.232	-0.002
282.542	-0.002
282.954	-0.002
283.058	-0.002
283.367	-0.002
283.573	-0.002
283.676	-0.002
284.192	-0.002
284.295	-0.002
284.708	-0.002
284.811	-0.002
285.224	-0.003
285.327	-0.002
285.739	-0.002
285.946	-0.002
286.152	-0.002
286.462	-0.002
286.668	-0.002
286.977	-0.002
287.184	-0.002
287.493	-0.002
287.699	-0.002
288.009	-0.002
288.112	-0.002
288.525	-0.002
288.731	-0.002
289.144	-0.002
289.350	-0.002
289.350	-0.003
289.866	-0.002
290.278	-0.002
290.381	-0.002
290.588	-0.002
290.897	-0.002
291.207	-0.003
291.413	-0.002
291.722	-0.002
291.929	-0.002
292.135	-0.002
292.341	-0.002
292.651	-0.002
292.960	-0.002
293.166	-0.002
293.373	-0.002
293.579	-0.002
293.992	-0.002
294.095	-0.002
294.404	-0.003
294.611	-0.002
295.023	-0.002
295.229	-0.002
295.436	-0.002
295.848	-0.003
295.952	-0.003
296.158	-0.002
296.467	-0.002
296.777	-0.002
297.086	-0.002
297.293	-0.002
297.705	-0.002
297.808	-0.002
298.118	-0.002
298.324	-0.002
298.634	-0.002
298.840	-0.002
299.149	-0.002
299.252	-0.002
299.665	-0.002
299.871	-0.002
300.078	-0.002
300.284	-0.002
300.593	-0.002
300.800	-0.002
301.109	-0.003
301.419	-0.002
301.625	-0.003
301.831	-0.003
302.347	-0.002
302.347	-0.002
302.656	-0.002
303.069	-0.002
303.275	-0.002
303.482	-0.003
303.688	-0.002
303.997	-0.003
304.307	-0.002
304.513	-0.002
304.719	-0.002
304.926	-0.003
305.029	-0.002
305.442	-0.003
305.751	-0.002
305.957	-0.002
306.267	-0.002
306.473	-0.002
306.783	-0.002
307.298	-0.002
307.298	-0.002
307.401	-0.002
307.917	-0.002
308.020	-0.002
308.330	-0.002
308.536	-0.002
308.949	-0.002
309.052	-0.002
309.361	-0.002
309.568	-0.002
309.980	-0.002
310.083	-0.003
310.496	-0.002
310.702	-0.002
311.012	-0.002
311.115	-0.002
311.321	-0.002
311.631	-0.002
311.940	-0.002
312.146	-0.002
312.250	-0.002
312.662	-0.002
312.869	-0.002
313.178	-0.002
313.384	-0.002
313.591	-0.002
313.797	-0.002
314.313	-0.002
314.416	-0.002
314.622	-0.002
315.035	-0.002
315.241	-0.002
315.447	-0.002
315.963	-0.002
316.066	-0.002
316.169	-0.002
316.582	-0.002
316.685	-0.002
317.098	-0.002
317.304	-0.002
317.717	-0.002
317.820	-0.002
318.232	-0.002
318.336	-0.002
318.748	-0.003
318.748	-0.002
319.264	-0.002
319.264	-0.002
319.573	-0.002
319.780	-0.002
320.192	-0.002
320.502	-0.002
320.811	-0.003
320.914	-0.002
321.224	-0.002
321.430	-0.002
321.740	-0.003
321.946	-0.003
322.359	-0.002
322.565	-0.002
322.771	-0.002
322.874	-0.002
323.287	-0.002
323.390	-0.002
323.596	-0.002
324.009	-0.002
324.422	-0.002
324.525	-0.002
324.731	-0.002
325.040	-0.002
325.350	-0.002
325.453	-0.002
325.659	-0.002
326.175	-0.002
326.381	-0.003
326.485	-0.002
326.794	-0.002
327.104	-0.003
327.413	-0.002
327.619	-0.002
327.929	-0.002
328.135	-0.002
328.445	-0.002
328.651	-0.002
328.960	-0.002
329.063	-0.003
329.476	-0.002
329.682	-0.002
329.992	-0.002
330.095	-0.002
330.508	-0.002
330.714	-0.002
331.023	-0.002
331.126	-0.002
331.539	-0.002
331.539	-0.002
332.055	-0.002
332.261	-0.002
332.467	-0.002
332.880	-0.002
332.983	-0.002
333.190	-0.002
333.499	-0.003
333.808	-0.002
334.221	-0.002
334.221	-0.002
334.634	-0.003
334.737	-0.002
335.046	-0.002
335.356	-0.002
335.562	-0.002
335.975	-0.002
336.181	-0.002
336.387	-0.002
336.800	-0.002
336.800	-0.003
337.006	-0.002
337.316	-0.002
337.625	-0.002
337.831	-0.002
338.244	-0.002
338.450	-0.002
338.760	-0.002
338.863	-0.002
339.276	-0.002
339.276	-0.002
339.791	-0.002
339.894	-0.002
340.307	-0.002
340.410	-0.002
340.823	-0.002
340.926	-0.002
341.339	-0.002
341.442	-0.002
341.751	-0.002
341.957	-0.002
342.473	-0.002
342.576	-0.003
342.886	-0.002
343.092	-0.002
343.298	-0.002
343.505	-0.002
343.917	-0.002
344.021	-0.002
344.433	-0.002
344.536	-0.002
344.949	-0.002
345.155	-0.002
345.465	-0.002
345.671	-0.002
345.671	-0.002
346.187	-0.002
346.496	-0.002
346.702	-0.002
346.702	-0.002
347.115	-0.002
347.425	-0.002
347.734	-0.003
348.043	-0.002
348.147	-0.002
348.559	-0.002
348.766	-0.002
348.972	-0.002
349.384	-0.002
349.488	-0.002
349.694	-0.002
350.210	-0.002
350.313	-0.002
350.519	-0.002
350.725	-0.002
351.241	-0.002
351.344	-0.002
351.447	-0.002
351.757	-0.002
352.170	-0.002
352.376	-0.002
352.788	-0.002
352.892	-0.002
353.304	-0.002
353.407	-0.002
353.717	-0.002
354.026	-0.002
354.129	-0.002
354.336	-0.002
354.852	-0.002
354.748	-0.002
355.264	-0.002
355.367	-0.002
355.883	-0.002
355.883	-0.002
356.296	-0.002
356.502	-0.003
356.708	-0.002
357.018	-0.002
357.327	-0.002
357.533	-0.002
357.740	-0.002
358.049	-0.002
358.359	-0.002
358.771	-0.002
358.771	-0.002
358.978	-0.002
359.287	-0.002
359.493	-0.002
359.906	-0.003
360.112	-0.002
360.215	-0.002
360.628	-0.002
360.834	-0.002
361.041	-0.002
361.453	-0.002
361.660	-0.002
361.969	-0.002
362.278	-0.002
362.382	-0.002
362.588	-0.002
363.001	-0.002
363.104	-0.002
363.413	-0.003
363.619	-0.002
363.723	-0.002
364.135	-0.002
364.445	-0.002
364.857	-0.003
365.064	-0.002
365.373	-0.002
365.682	-0.002
365.786	-0.002
365.992	-0.002
366.301	-0.002
366.714	-0.002
366.920	-0.003
367.230	-0.002
367.230	-0.002
367.746	-0.002
367.952	-0.003
368.158	-0.002
368.364	-0.002
368.571	-0.002
368.777	-0.002
369.190	-0.002
369.293	-0.002
369.602	-0.002
369.912	-0.002
370.221	-0.002
370.428	-0.002
370.840	-0.002
370.943	-0.002
371.253	-0.002
371.562	-0.002
371.562	-0.002
371.872	-0.002
372.181	-0.003
372.491	-0.002
372.594	-0.002
372.903	-0.002
373.316	-0.002
373.419	-0.002
373.728	-0.002
373.935	-0.002
374.347	-0.002
374.554	-0.003
374.863	-0.003
374.966	-0.002
375.379	-0.002
375.482	-0.002
375.791	-0.002
375.998	-0.003
376.513	-0.002
376.513	-0.002
376.823	-0.002
377.029	-0.002
377.236	-0.002
377.648	-0.002
377.958	-0.002
377.958	-0.002
378.267	-0.002
378.577	-0.002
378.680	-0.002
379.092	-0.003
379.299	-0.002
379.505	-0.002
380.021	-0.002
380.227	-0.002
380.227	-0.002
380.640	-0.002
380.949	-0.002
381.155	-0.002
381.568	-0.002
381.568	-0.002
381.877	-0.002
382.393	-0.002
382.496	-0.002
382.909	-0.002
383.115	-0.002
383.218	-0.002
383.631	-0.002
383.734	-0.002
384.044	-0.002
384.044	-0.002
384.559	-0.002
384.766	-0.002
384.972	-0.002
385.281	-0.002
385.385	-0.002
385.797	-0.003
386.107	-0.002
386.210	-0.002
386.829	-0.002
386.829	-0.003
386.932	-0.003
387.344	-0.002
387.551	-0.002
387.757	-0.002
388.170	-0.002
388.479	-0.002
388.789	-0.002
388.892	-0.002
389.304	-0.002
389.511	-0.003
389.820	-0.002
389.923	-0.001
390.130	-0.003
390.439	-0.002
390.645	-0.002
391.058	-0.002
391.264	-0.002
391.471	-0.003
391.780	-0.002
391.883	-0.002
392.296	-0.002
392.502	-0.002
392.708	-0.002
393.018	-0.002
393.121	-0.002
393.534	-0.002
393.740	-0.002
394.049	-0.002
394.359	-0.002
394.462	-0.002
394.771	-0.003
395.081	-0.002
395.494	-0.002
395.597	-0.002
395.803	-0.002
396.009	-0.002
396.216	-0.002
396.319	-0.002
396.731	-0.002
397.144	-0.002
397.350	-0.002
397.557	-0.002
397.866	-0.003
397.969	-0.002
398.279	-0.002
398.794	-0.002
398.794	-0.002
399.207	-0.002
399.516	-0.002
399.723	-0.002
399.929	-0.002
400.239	-0.002
400.239	-0.002
400.754	-0.002
400.857	-0.002
401.270	-0.003
401.270	-0.002
401.786	-0.002
401.786	-0.002
402.302	-0.003
402.508	-0.002
402.714	-0.002
402.817	-0.002
403.436	-0.003
403.333	-0.002
403.643	-0.002
403.952	-0.002
404.468	-0.002
404.571	-0.002
404.880	-0.002
404.984	-0.002
405.396	-0.002
405.602	-0.003
405.809	-0.002
406.118	-0.002
406.324	-0.002
406.531	-0.002
406.943	-0.002
407.253	-0.002
407.459	-0.002
407.665	-0.002
407.975	-0.002
408.181	-0.002
408.388	-0.002
408.491	-0.002
408.903	-0.002
409.213	-0.002
409.522	-0.002
409.729	-0.002
410.141	-0.002
410.347	-0.002
410.554	-0.002
410.657	-0.002
411.069	-0.002
411.173	-0.002
411.688	-0.002
411.688	-0.002
412.101	-0.002
412.307	-0.002
412.514	-0.002
412.720	-0.002
413.133	-0.003
413.236	-0.002
413.648	-0.002
413.855	-0.002
414.164	-0.002
414.474	-0.002
414.680	-0.002
415.092	-0.002
415.196	-0.002
415.402	-0.002
415.711	-0.002
415.815	-0.003
416.227	-0.002
416.330	-0.002
416.743	-0.002
416.949	-0.002
417.259	-0.002
417.362	-0.002
417.878	-0.002
417.878	-0.002
418.290	-0.002
418.600	-0.002
418.806	-0.002
419.012	-0.002
419.322	-0.002
419.425	-0.002
419.734	-0.002
420.147	-0.003
420.250	-0.002
420.456	-0.002
420.663	-0.003
421.075	-0.002
421.282	-0.002
421.591	-0.002
421.900	-0.002
422.004	-0.002
422.416	-0.003
422.623	-0.002
422.829	-0.002
423.035	-0.002
423.448	-0.002
423.654	-0.002
423.964	-0.002
423.964	-0.003
424.479	-0.002
424.582	-0.002
424.892	-0.002
425.305	-0.002
425.408	-0.002
425.614	-0.002
426.027	-0.003
426.130	-0.002
426.439	-0.002
426.645	-0.002
426.955	-0.002
427.161	-0.002
427.471	-0.002
427.677	-0.002
428.090	-0.002
428.399	-0.002
428.605	-0.002
428.812	-0.002
429.121	-0.002
429.224	-0.002
429.534	-0.003
429.637	-0.002
429.946	-0.003
430.153	-0.002
430.462	-0.002
430.772	-0.002
431.081	-0.002
431.184	-0.002
431.494	-0.002
431.803	-0.002
432.009	-0.002
432.319	-0.002
432.525	-0.003
432.731	-0.002
433.247	-0.003
433.247	-0.002
433.660	-0.002
433.763	-0.002
434.279	-0.003
434.485	-0.003
434.691	-0.002
434.795	-0.002
435.310	-0.002
435.310	-0.002
435.620	-0.002
435.929	-0.002
436.032	-0.002
436.342	-0.002
436.651	-0.002
436.858	-0.002
437.373	-0.002
437.476	-0.002
437.889	-0.002
437.889	-0.003
438.302	-0.002
438.508	-0.002
438.611	-0.002
439.127	-0.002
439.333	-0.003
439.540	-0.002
439.849	-0.003
440.158	-0.002
440.365	-0.002
440.571	-0.002
440.881	-0.002
440.984	-0.002
441.499	-0.002
441.499	-0.002
441.912	-0.002
442.118	-0.002
442.531	-0.002
442.634	-0.002
442.737	-0.002
443.253	-0.002
443.459	-0.002
443.666	-0.002
443.769	-0.002
444.181	-0.002
444.491	-0.002
444.800	-0.002
445.007	-0.002
445.110	-0.002
445.419	-0.003
445.729	-0.003
446.141	-0.002
446.141	-0.002
446.554	-0.002
446.966	-0.002
447.070	-0.002
447.482	-0.002
447.689	-0.002
447.895	-0.002
448.101	-0.003
448.307	-0.002
448.720	-0.002
448.823	-0.002
449.236	-0.002
449.339	-0.002
449.648	-0.002
449.855	-0.002
450.061	-0.002
450.371	-0.002
450.783	-0.002
450.989	-0.002
451.299	-0.003
451.402	-0.002
451.608	-0.002
452.124	-0.002
452.330	-0.002
452.434	-0.002
452.743	-0.002
452.949	-0.002
453.259	-0.002
453.465	-0.002
453.671	-0.002
453.981	-0.002
454.084	-0.003
454.393	-0.002
454.806	-0.002
455.012	-0.002
455.322	-0.002
455.734	-0.002
455.941	-0.002
456.147	-0.002
456.353	-0.002
456.560	-0.003
456.972	-0.002
457.282	-0.002
457.488	-0.002
457.591	-0.002
458.004	-0.003
458.107	-0.002
458.520	-0.002
458.726	-0.002
458.932	-0.003
459.242	-0.003
459.448	-0.002
459.654	-0.002
460.067	-0.002
460.273	-0.003
460.479	-0.002
460.789	-0.002
461.098	-0.002
461.305	-0.002
461.511	-0.002
461.820	-0.002
462.130	-0.003
462.233	-0.003
462.542	-0.002
462.852	-0.002
463.265	-0.002
463.368	-0.002
463.574	-0.002
463.780	-0.002
464.090	-0.002
464.296	-0.003
464.709	-0.002
464.812	-0.002
465.121	-0.002
465.431	-0.002
465.740	-0.002
465.740	-0.002
466.256	-0.002
466.359	-0.002
466.772	-0.002
466.978	-0.003
467.184	-0.002
467.494	-0.002
467.700	-0.002
467.803	-0.002
468.319	-0.002
468.422	-0.002
468.628	-0.002
469.041	-0.002
469.144	-0.002
469.454	-0.002
469.763	-0.003
469.969	-0.002
470.382	-0.002
470.588	-0.002
470.898	-0.002
471.001	-0.002
471.414	-0.002
471.517	-0.002
471.929	-0.002
472.136	-0.002
472.445	-0.002
472.651	-0.002
472.755	-0.002
473.270	-0.003
473.477	-0.002
473.683	-0.002
473.992	-0.002
474.199	-0.002
474.508	-0.002
474.611	-0.002
475.024	-0.002
475.333	-0.002
475.540	-0.002
475.849	-0.002
476.055	-0.002
476.262	-0.002
476.571	-0.002
476.778	-0.002
476.984	-0.002
477.190	-0.002
477.603	-0.002
477.809	-0.002
478.118	-0.002
478.325	-0.002
478.531	-0.003
478.841	-0.002
479.047	-0.002
479.253	-0.002
479.459	-0.002
479.769	-0.002
480.182	-0.002
480.388	-0.002
480.594	-0.002
480.904	-0.002
481.110	-0.002
481.419	-0.002
481.729	-0.002
482.038	-0.002
482.245	-0.002
482.554	-0.002
482.760	-0.002
483.173	-0.002
483.173	-0.002
483.586	-0.003
483.689	-0.002
483.895	-0.002
484.308	-0.002
484.514	-0.002
484.823	-0.002
485.133	-0.003
485.339	-0.003
485.545	-0.002
485.958	-0.003
486.061	-0.003
486.371	-0.002
486.371	-0.002
486.886	-0.002
487.299	-0.002
487.299	-0.002
487.402	-0.002
487.918	-0.002
488.227	-0.002
488.434	-0.002
488.743	-0.002
488.949	-0.002
489.156	-0.002
489.465	-0.002
489.775	-0.002
490.084	-0.002
490.187	-0.002
490.497	-0.002
490.703	-0.002
491.013	-0.002
491.116	-0.002
491.528	-0.002
491.735	-0.002
492.044	-0.003
492.147	-0.002
492.560	-0.002
492.766	-0.002
492.972	-0.002
493.179	-0.002
493.488	-0.002
493.591	-0.003
494.004	-0.003
494.313	-0.002
494.520	-0.002
494.726	-0.002
495.139	-0.002
495.345	-0.002
495.551	-0.002
495.654	-0.002
496.170	-0.002
496.376	-0.002
496.686	-0.002
496.995	-0.002
497.305	-0.003
497.408	-0.002
497.717	-0.002
498.027	-0.002
498.233	-0.002
498.439	-0.002
498.749	-0.002
499.058	-0.002
499.265	-0.002
499.677	-0.003
499.780	-0.002
500.090	-0.002
500.296	-0.002
500.503	-0.003
500.709	-0.002
501.018	-0.002
501.328	-0.002
501.534	-0.002
501.844	-0.002
502.153	-0.002
502.256	-0.002
502.772	-0.002
502.875	-0.002
503.184	-0.002
503.391	-0.002
503.700	-0.002
503.803	-0.002
504.010	-0.002
504.422	-0.002
504.732	-0.002
504.732	-0.002
505.248	-0.002
505.454	-0.002
505.660	-0.002
506.176	-0.002
506.279	-0.002
506.382	-0.002
506.795	-0.002
507.207	-0.002
507.311	-0.002
507.620	-0.002
507.826	-0.002
508.033	-0.002
508.239	-0.002
508.548	-0.002
508.858	-0.002
509.064	-0.002
509.167	-0.003
509.580	-0.002
509.889	-0.003
510.096	-0.002
510.405	-0.002
510.508	-0.002
510.818	-0.002
511.127	-0.002
511.334	-0.002
511.643	-0.002
511.643	-0.002
512.159	-0.002
512.468	-0.002
512.674	-0.002
512.881	-0.002
513.190	-0.002
513.397	-0.002
513.706	-0.002
513.912	-0.002
514.222	-0.002
514.325	-0.002
514.738	-0.002
515.047	-0.002
515.253	-0.002
515.563	-0.002
515.769	-0.002
516.079	-0.002
516.285	-0.002
516.388	-0.002
516.801	-0.002
517.213	-0.002
517.316	-0.003
517.523	-0.003
517.832	-0.002
518.142	-0.002
518.348	-0.002
518.554	-0.003
518.864	-0.002
519.070	-0.003
519.379	-0.002
519.483	-0.002
519.998	-0.002
519.998	-0.002
520.411	-0.002
520.617	-0.002
520.927	-0.002
521.030	-0.002
521.546	-0.002
521.649	-0.002
521.958	-0.002
522.268	-0.002
522.371	-0.002
522.783	-0.002
522.990	-0.002
523.299	-0.002
523.609	-0.002
523.815	-0.002
524.021	-0.002
524.331	-0.002
524.537	-0.002
524.846	-0.002
525.053	-0.002
525.362	-0.003
525.569	-0.002
526.084	-0.002
526.084	-0.002
526.187	-0.002
526.600	-0.002
527.013	-0.002
527.219	-0.002
527.322	-0.002
527.632	-0.002
527.838	-0.002
528.147	-0.003
528.457	-0.002
528.766	-0.002
528.869	-0.003
529.076	-0.002
529.488	-0.002
529.695	-0.002
530.107	-0.002
530.210	-0.002
530.210	-0.002
530.726	-0.002
531.036	-0.002
531.242	-0.002
531.551	-0.002
531.758	-0.002
531.861	-0.002
532.273	-0.002
532.480	-0.002
532.789	-0.002
532.995	-0.002
533.511	-0.002
533.408	-0.002
533.821	-0.002
534.233	-0.002
534.233	-0.002
534.749	-0.002
534.955	-0.002
535.059	-0.002
535.368	-0.002
535.677	-0.002
535.884	-0.002
536.090	-0.002
536.503	-0.002
536.606	-0.003
537.018	-0.002
537.122	-0.003
537.534	-0.002
537.844	-0.002
537.947	-0.002
538.256	-0.002
538.359	-0.002
538.669	-0.002
538.978	-0.002
539.288	-0.002
539.494	-0.002
539.907	-0.002
540.010	-0.002
540.216	-0.003
540.526	-0.002
540.938	-0.002
541.145	-0.002
541.351	-0.002
541.557	-0.002
541.970	-0.003
542.073	-0.002
542.382	-0.002
542.486	-0.003
542.795	-0.002
542.898	-0.002
543.311	-0.003
543.723	-0.002
544.033	-0.002
544.033	-0.002
544.239	-0.003
544.549	-0.002
544.755	-0.002
545.167	-0.002
545.477	-0.002
545.786	-0.002
545.890	-0.002
546.199	-0.002
546.508	-0.002
546.921	-0.002
547.127	-0.002
547.231	-0.003
547.643	-0.003
547.849	-0.002
547.953	-0.002
548.365	-0.002
548.571	-0.002
548.881	-0.002
549.087	-0.002
549.294	-0.002
549.706	-0.002
549.912	-0.002
550.222	-0.002
550.428	-0.002
550.635	-0.002
550.841	-0.002
551.253	-0.002
551.460	-0.002
551.666	-0.002
551.872	-0.002
552.182	-0.003
552.594	-0.003
552.904	-0.002
553.007	-0.002
553.110	-0.003
553.420	-0.002
553.832	-0.002
553.832	-0.002
554.348	-0.002
554.554	-0.002
554.761	-0.002
554.967	-0.002
555.173	-0.002
555.586	-0.002
555.792	-0.002
555.998	-0.002
556.308	-0.002
556.617	-0.002
556.824	-0.002
556.927	-0.002
557.339	-0.002
557.546	-0.002
557.855	-0.002
558.062	-0.002
558.474	-0.003
558.680	-0.002
558.990	-0.002
559.093	-0.003
559.402	-0.002
559.609	-0.002
560.021	-0.002
560.125	-0.002
560.537	-0.002
560.847	-0.002
560.847	-0.003
561.259	-0.002
561.569	-0.002
561.672	-0.002
562.188	-0.002
562.188	-0.002
562.600	-0.002
562.910	-0.002
563.219	-0.002
563.322	-0.002
563.425	-0.003
563.735	-0.002
564.251	-0.002
564.354	-0.002
564.663	-0.002
564.766	-0.002
565.076	-0.002
565.282	-0.003
565.592	-0.002
565.798	-0.003
566.107	-0.003
566.417	-0.002
566.520	-0.002
566.829	-0.002
567.345	-0.002
567.345	-0.002
567.758	-0.002
567.964	-0.002
568.170	-0.002
568.377	-0.002
568.686	-0.002
568.892	-0.002
569.305	-0.003
569.408	-0.002
569.821	-0.002
570.027	-0.002
570.233	-0.002
570.440	-0.003
570.852	-0.002
570.956	-0.002
571.265	-0.002
571.471	-0.002
571.884	-0.002
572.090	-0.002
572.297	-0.002
572.606	-0.002
572.915	-0.002
573.019	-0.002
573.431	-0.002
573.534	-0.002
573.844	-0.002
574.153	-0.002
574.463	-0.002
574.566	-0.002
574.978	-0.002
575.082	-0.002
575.494	-0.003
575.804	-0.002
575.907	-0.002
576.216	-0.003
576.526	-0.002
576.629	-0.002
577.042	-0.002
577.248	-0.002
577.557	-0.002
577.764	-0.002
578.073	-0.002
578.279	-0.002
578.486	-0.002
578.898	-0.002
579.105	-0.003
579.208	-0.002
579.723	-0.002
579.930	-0.002
580.136	-0.002
580.446	-0.002
580.755	-0.002
580.961	-0.002
581.271	-0.002
581.580	-0.002
581.787	-0.002
581.787	-0.002
582.302	-0.002
582.509	-0.002
582.715	-0.002
583.024	-0.002
583.437	-0.002
583.643	-0.002
583.746	-0.002
583.953	-0.002
584.365	-0.002
584.468	-0.002
584.778	-0.002
584.881	-0.002
585.294	-0.002
585.706	-0.002
585.913	-0.002
586.016	-0.003
586.325	-0.002
586.428	-0.002
586.944	-0.003
586.944	-0.002
587.460	-0.002
587.563	-0.002
587.873	-0.002
587.976	-0.002
588.491	-0.002
588.904	-0.002
589.007	-0.002
589.213	-0.002
589.317	-0.002
589.626	-0.002
590.039	-0.002
590.245	-0.002
590.348	-0.002
590.658	-0.002
591.070	-0.002
591.173	-0.002
591.483	-0.002
591.689	-0.002
591.999	-0.003
592.205	-0.003
592.411	-0.002
592.824	-0.002
593.030	-0.002
593.443	-0.002
593.546	-0.002
593.752	-0.002
594.165	-0.002
594.165	-0.003
594.577	-0.002
594.681	-0.002
595.196	-0.002
595.506	-0.002
595.712	-0.002
596.022	-0.002
596.125	-0.002
596.434	-0.002
596.744	-0.002
596.744	-0.002
597.363	-0.002
597.466	-0.002
597.775	-0.002
597.775	-0.002
598.188	-0.002
598.497	-0.002
598.600	-0.002
599.116	-0.002
599.322	-0.002
599.426	-0.002
599.632	-0.002
600.148	-0.002
600.354	-0.002
600.560	-0.002
600.870	-0.002
600.870	-0.002
601.385	-0.002
601.489	-0.002
601.695	-0.002
602.108	-0.002
602.314	-0.002
602.726	-0.002
602.933	-0.002
602.933	-0.002
603.242	-0.002
603.655	-0.002
603.861	-0.002
604.274	-0.002
604.480	-0.002
604.480	-0.002
604.893	-0.002
605.305	-0.003
605.512	-0.002
605.718	-0.003
605.821	-0.002
606.337	-0.002
606.440	-0.002
607.059	-0.002
607.059	-0.003
607.162	-0.003
607.471	-0.002
607.884	-0.002
608.090	-0.002
608.297	-0.003
608.606	-0.002
609.019	-0.002
609.122	-0.002
609.328	-0.002
609.534	-0.002
609.844	-0.002
610.153	-0.002
610.360	-0.002
610.566	-0.002
610.772	-0.002
610.875	-0.002
611.494	-0.002
611.598	-0.002
611.701	-0.003
612.216	-0.003
612.216	-0.002
612.732	-0.002
612.939	-0.002
613.145	-0.002
613.557	-0.002
613.764	-0.002
613.970	-0.002
614.176	-0.002
614.383	-0.002
614.692	-0.002
614.898	-0.002
615.311	-0.002
615.414	-0.002
615.724	-0.002
615.930	-0.002
616.033	-0.002
616.446	-0.002
616.652	-0.002
616.961	-0.002
617.065	-0.002
617.580	-0.002
617.890	-0.002
617.993	-0.002
618.302	-0.002
618.612	-0.002
618.715	-0.002
618.921	-0.002
619.231	-0.003
619.540	-0.002
619.747	-0.002
620.056	-0.002
620.365	-0.002
620.572	-0.002
620.778	-0.002
621.088	-0.002
621.500	-0.002
621.500	-0.002
621.810	-0.002
622.016	-0.002
622.325	-0.002
622.532	-0.002
622.944	-0.002
623.047	-0.002
623.357	-0.003
623.563	-0.002
623.770	-0.002
624.285	-0.003
624.388	-0.002
624.595	-0.002
624.904	-0.002
625.317	-0.002
625.523	-0.002
625.729	-0.002
626.039	-0.002
626.245	-0.002
626.555	-0.002
626.658	-0.003
626.658	-0.002
627.174	-0.002
627.277	-0.002
627.689	-0.002
627.792	-0.002
628.205	-0.003
628.411	-0.003
628.618	-0.002
629.133	-0.002
629.340	-0.002
629.546	-0.002
629.752	-0.002
629.959	-0.002
630.165	-0.002
630.474	-0.002
630.784	-0.002
631.093	-0.002
631.403	-0.002
631.403	-0.002
631.815	-0.002
632.125	-0.002
632.331	-0.002
632.537	-0.002
632.847	-0.002
632.847	-0.002
633.363	-0.002
633.569	-0.002
633.982	-0.002
634.085	-0.002
634.291	-0.002
634.600	-0.003
634.807	-0.002
635.116	-0.002
635.426	-0.002
635.529	-0.002
635.838	-0.002
636.148	-0.003
636.354	-0.002
636.457	-0.002
636.973	-0.002
637.076	-0.002
637.386	-0.002
637.592	-0.002
637.695	-0.002
638.005	-0.002
638.211	-0.002
638.520	-0.003
638.933	-0.002
638.933	-0.003
639.449	-0.002
639.655	-0.002
639.964	-0.002
640.274	-0.002
640.480	-0.002
640.480	-0.002
641.099	-0.002
641.202	-0.002
641.409	-0.002
641.615	-0.002
641.924	-0.002
642.131	-0.002
642.543	-0.002
642.646	-0.002
643.162	-0.002
643.265	-0.002
643.575	-0.002
643.781	-0.002
644.091	-0.002
644.194	-0.002
644.503	-0.002
644.709	-0.002
645.225	-0.002
645.225	-0.002
645.638	-0.002
645.741	-0.002
646.050	-0.002
646.257	-0.002
646.566	-0.002
646.772	-0.002
646.979	-0.002
647.288	-0.002
647.598	-0.002
647.907	-0.002
648.217	-0.002
648.320	-0.002
648.732	-0.002
648.836	-0.002
649.351	-0.002
649.351	-0.002
649.661	-0.002
649.867	-0.002
650.176	-0.002
650.383	-0.002
650.899	-0.002
650.899	-0.002
651.311	-0.002
651.311	-0.003
651.724	-0.002
652.033	-0.002
652.136	-0.003
652.446	-0.002
652.755	-0.002
652.962	-0.002
653.168	-0.002
653.581	-0.002
653.993	-0.002
653.993	-0.002
654.303	-0.002
654.509	-0.002
654.818	-0.002
655.025	-0.002
655.334	-0.002
655.540	-0.002
655.850	-0.002
656.159	-0.002
656.469	-0.002
656.572	-0.002
656.985	-0.002
657.088	-0.002
657.294	-0.002
657.707	-0.002
657.913	-0.003
657.913	-0.002
658.429	-0.002
658.738	-0.003
658.841	-0.002
659.151	-0.002
659.460	-0.003
659.667	-0.002
659.873	-0.002
660.285	-0.002
660.389	-0.002
660.492	-0.002
660.801	-0.002
661.214	-0.002
661.420	-0.002
661.730	-0.003
662.142	-0.002
662.245	-0.002
662.452	-0.003
662.658	-0.002
662.864	-0.003
663.380	-0.002
663.483	-0.002
663.793	-0.002
664.102	-0.003
664.308	-0.002
664.412	-0.002
664.824	-0.003
665.237	-0.002
665.340	-0.002
665.752	-0.002
665.856	-0.002
666.062	-0.002
666.371	-0.002
666.681	-0.002
666.784	-0.002
666.990	-0.002
667.300	-0.002
667.506	-0.002
667.919	-0.002
668.022	-0.002
668.434	-0.002
668.538	-0.003
668.950	-0.002
668.950	-0.002
669.363	-0.002
669.775	-0.002
669.775	-0.002
670.085	-0.002
670.497	-0.002
670.807	-0.002
670.910	-0.003
671.116	-0.002
671.529	-0.002
671.632	-0.002
672.045	-0.002
672.354	-0.002
672.457	-0.002
672.767	-0.002
673.179	-0.002
673.179	-0.002
673.489	-0.002
673.798	-0.002
674.108	-0.002
674.211	-0.002
674.520	-0.002
674.727	-0.002
675.036	-0.002
675.346	-0.002
675.655	-0.002
675.861	-0.002
676.068	-0.002
676.274	-0.002
676.480	-0.002
676.790	-0.002
677.099	-0.002
677.306	-0.002
677.718	-0.002
678.028	-0.002
678.234	-0.003
678.440	-0.003
678.647	-0.002
678.956	-0.002
679.265	-0.003
679.472	-0.002
679.678	-0.002
679.987	-0.002
680.194	-0.002
680.606	-0.002
680.606	-0.002
681.122	-0.003
681.122	-0.002
681.432	-0.002
681.844	-0.002
681.947	-0.002
682.154	-0.002
682.360	-0.002
682.876	-0.002
682.979	-0.002
683.392	-0.002
683.495	-0.002
683.804	-0.002
684.217	-0.002
684.423	-0.002
684.526	-0.002
684.629	-0.002
684.939	-0.002
685.248	-0.002
685.455	-0.002
685.970	-0.002
686.177	-0.002
686.280	-0.002
686.692	-0.002
686.692	-0.002
687.621	-0.002
687.414	-0.002
687.724	-0.002
688.033	-0.003
688.240	-0.002
688.446	-0.002
688.549	-0.003
688.962	-0.002
689.168	-0.002
689.478	-0.002
689.581	-0.002
690.096	-0.002
690.200	-0.002
690.612	-0.002
690.612	-0.002
691.025	-0.002
691.231	-0.002
691.437	-0.002
691.644	-0.002
692.056	-0.002
692.159	-0.002
692.469	-0.002
692.675	-0.002
692.985	-0.003
693.191	-0.002
693.604	-0.002
693.810	-0.002
694.016	-0.003
694.326	-0.002
694.532	-0.002
694.945	-0.002
695.151	-0.003
695.254	-0.002
695.873	-0.002
696.079	-0.002
696.182	-0.002
696.595	-0.003
696.801	-0.002
697.008	-0.002
697.317	-0.002
697.627	-0.002
697.730	-0.002
698.142	-0.002
698.245	-0.002
698.452	-0.002
698.864	-0.002
699.071	-0.002
699.483	-0.002
699.690	-0.003
699.896	-0.002
700.308	-0.002
700.412	-0.002
700.515	-0.002
700.824	-0.002
701.340	-0.002
701.340	-0.002
701.546	-0.002
701.959	-0.002
702.062	-0.002
702.475	-0.002
702.681	-0.002
702.990	-0.002
703.094	-0.002
703.506	-0.002
703.816	-0.002
704.022	-0.002
704.125	-0.002
704.435	-0.002
704.847	-0.002
705.157	-0.002
705.157	-0.003
705.569	-0.003
705.776	-0.002
705.982	-0.002
706.291	-0.002
706.498	-0.002
706.910	-0.002
706.910	-0.002
707.323	-0.002
707.632	-0.002
707.735	-0.002
707.942	-0.002
708.251	-0.002
708.561	-0.002
708.767	-0.002
709.180	-0.002
709.180	-0.002
709.592	-0.002
709.695	-0.002
710.211	-0.002
710.211	-0.003
710.521	-0.003
710.830	-0.002
711.243	-0.003
711.449	-0.002
711.655	-0.002
711.965	-0.002
712.274	-0.002
712.480	-0.002
712.687	-0.002
712.893	-0.002
713.409	-0.002
713.409	-0.002
713.821	-0.002
714.131	-0.003
714.131	-0.002
714.440	-0.002
714.750	-0.002
714.853	-0.002
715.369	-0.002
715.369	-0.002
715.678	-0.002
716.091	-0.002
716.297	-0.002
716.400	-0.002
716.813	-0.003
716.916	-0.002
717.329	-0.002
717.535	-0.002
717.844	-0.002
717.948	-0.002
718.360	-0.002
718.670	-0.002
718.773	-0.002
718.979	-0.002
719.289	-0.003
719.495	-0.003
719.804	-0.002
720.011	-0.002
720.217	-0.002
720.629	-0.002
720.836	-0.002
721.145	-0.003
721.455	-0.003
721.558	-0.002
722.074	-0.003
722.074	-0.002
722.486	-0.002
722.589	-0.002
723.002	-0.002
723.105	-0.002
723.518	-0.002
723.621	-0.002
723.930	-0.002
724.240	-0.002
724.549	-0.002
724.652	-0.003
724.962	-0.002
725.168	-0.002
725.375	-0.002
725.787	-0.002
725.890	-0.002
726.200	-0.002
726.406	-0.002
726.715	-0.002
727.025	-0.002
727.334	-0.002
727.438	-0.002
727.747	-0.002
728.056	-0.002
728.160	-0.002
728.572	-0.002
728.882	-0.002
729.088	-0.003
729.294	-0.002
729.604	-0.002
729.810	-0.002
730.120	-0.002
730.223	-0.002
730.635	-0.002
730.945	-0.002
731.151	-0.002
731.357	-0.002
731.460	-0.002
731.770	-0.003
732.286	-0.002
732.286	-0.002
732.492	-0.002
732.905	-0.002
733.214	-0.002
733.420	-0.002
733.627	-0.002
733.936	-0.002
733.936	-0.002
734.452	-0.002
734.658	-0.002
734.968	-0.002
735.174	-0.002
735.587	-0.002
735.690	-0.002
735.896	-0.002
736.412	-0.002
736.412	-0.002
736.824	-0.003
736.928	-0.002
737.237	-0.002
737.546	-0.002
737.753	-0.002
738.062	-0.002
738.062	-0.002
738.578	-0.002
738.681	-0.002
739.094	-0.002
739.506	-0.002
739.403	-0.002
739.919	-0.002
740.125	-0.002
740.435	-0.002
740.641	-0.002
740.847	-0.002
741.054	-0.002
741.260	-0.002
741.673	-0.002
741.982	-0.002
742.188	-0.002
742.498	-0.002
742.704	-0.002
742.807	-0.002
743.220	-0.003
743.426	-0.002
743.736	-0.002
743.942	-0.002
744.251	-0.002
744.458	-0.002
744.561	-0.002
744.973	-0.002
745.283	-0.002
745.489	-0.002
745.799	-0.002
746.108	-0.002
746.314	-0.002
746.727	-0.003
746.830	-0.003
746.933	-0.002
747.346	-0.003
747.552	-0.002
747.862	-0.002
748.068	-0.002
748.377	-0.003
748.481	-0.002
748.893	-0.002
749.100	-0.002
749.409	-0.002
749.718	-0.002
749.822	-0.002
750.028	-0.002
750.337	-0.002
750.647	-0.002
750.956	-0.002
751.059	-0.002
751.472	-0.002
751.575	-0.002
751.781	-0.002
751.988	-0.002
752.400	-0.002
752.504	-0.002
752.916	-0.002
753.019	-0.002
753.535	-0.002
753.535	-0.002
753.948	-0.002
754.051	-0.002
754.463	-0.002
754.773	-0.002
754.876	-0.002
755.082	-0.002
755.392	-0.002
755.701	-0.002
756.011	-0.002
756.114	-0.002
756.630	-0.002
756.733	-0.002
757.145	-0.002
757.145	-0.002
757.455	-0.003
757.867	-0.002
758.177	-0.002
758.280	-0.002
758.590	-0.002
758.899	-0.002
759.105	-0.002
759.518	-0.002
759.621	-0.002
759.827	-0.002
760.240	-0.002
760.446	-0.002
760.756	-0.002
760.962	-0.002
761.271	-0.002
761.684	-0.002
761.787	-0.002
762.200	-0.002
762.406	-0.002
762.922	-0.002
763.025	-0.002
763.128	-0.002
763.438	-0.003
763.850	-0.002
764.057	-0.002
764.366	-0.002
764.469	-0.002
764.779	-0.002
765.088	-0.002
765.398	-0.002
765.501	-0.002
765.913	-0.003
766.120	-0.002
766.429	-0.002
766.739	-0.002
766.945	-0.002
767.151	-0.003
767.461	-0.003
767.873	-0.002
767.976	-0.003
768.389	-0.002
768.492	-0.002
768.802	-0.002
769.008	-0.002
769.317	-0.003
769.524	-0.002
769.627	-0.002
770.143	-0.002
770.246	-0.002
770.658	-0.002
770.865	-0.003
771.174	-0.002
771.380	-0.002
771.587	-0.002
771.999	-0.002
772.102	-0.002
772.412	-0.002
772.618	-0.002
773.031	-0.002
773.237	-0.002
773.547	-0.002
773.959	-0.002
774.166	-0.002
774.269	-0.002
774.681	-0.002
774.681	-0.002
775.094	-0.002
775.300	-0.002
775.507	-0.002
775.816	-0.002
776.229	-0.002
776.641	-0.002
776.538	-0.002
776.744	-0.002
777.260	-0.003
777.363	-0.002
777.673	-0.002
777.982	-0.002
778.292	-0.002
778.498	-0.002
778.911	-0.003
778.911	-0.002
779.117	-0.002
779.736	-0.002
779.942	-0.002
779.942	-0.002
780.458	-0.002
780.664	-0.003
780.974	-0.002
781.180	-0.002
781.489	-0.002
781.696	-0.002
781.902	-0.002
782.211	-0.002
782.418	-0.002
782.727	-0.002
782.933	-0.002
783.346	-0.002
783.449	-0.002
783.965	-0.002
783.965	-0.002
784.378	-0.002
784.687	-0.002
784.790	-0.002
784.997	-0.002
785.512	-0.002
785.719	-0.002
785.925	-0.002
786.028	-0.003
786.544	-0.002
786.647	-0.002
787.060	-0.002
787.060	-0.002
787.369	-0.002
787.782	-0.002
788.091	-0.002
788.297	-0.002
788.607	-0.002
788.607	-0.002
788.916	-0.002
789.226	-0.002
789.638	-0.002
789.845	-0.003
790.154	-0.002
790.464	-0.003
790.670	-0.002
790.773	-0.002
791.083	-0.002
791.289	-0.002
791.701	-0.002
791.805	-0.002
792.011	-0.002
792.423	-0.002
792.733	-0.002
793.042	-0.002
793.249	-0.002
793.661	-0.002
793.764	-0.002
793.971	-0.002
794.280	-0.002
794.487	-0.002
795.002	-0.002
795.105	-0.002
795.312	-0.002
795.415	-0.002
795.828	-0.002
795.931	-0.003
796.343	-0.002
796.653	-0.002
796.859	-0.002
797.065	-0.002
797.272	-0.002
797.581	-0.002
797.994	-0.002
798.097	-0.002
798.509	-0.002
798.716	-0.002
799.025	-0.002
799.128	-0.003
799.438	-0.002
799.747	-0.002
799.954	-0.002
800.366	-0.002
800.573	-0.002
800.573	-0.002
801.088	-0.002
801.295	-0.002
801.501	-0.002
801.913	-0.002
802.120	-0.002
802.532	-0.002
802.532	-0.002
802.945	-0.002
803.048	-0.002
803.461	-0.002
803.667	-0.002
804.080	-0.002
804.286	-0.002
804.389	-0.002
804.699	-0.002
805.008	-0.002
805.524	-0.002
805.421	-0.003
805.833	-0.003
806.040	-0.002
806.349	-0.002
806.659	-0.002
806.865	-0.002
807.174	-0.002
807.277	-0.002
807.690	-0.002
807.793	-0.002
808.206	-0.002
808.515	-0.002
808.722	-0.002
809.031	-0.003
809.237	-0.002
809.444	-0.002
809.753	-0.002
810.063	-0.002
810.269	-0.002
810.578	-0.002
810.785	-0.002
811.094	-0.002
811.300	-0.002
811.713	-0.002
811.919	-0.002
812.126	-0.002
812.332	-0.002
812.641	-0.002
812.848	-0.002
813.260	-0.002
813.363	-0.003
813.673	-0.002
813.879	-0.002
814.292	-0.002
814.498	-0.002
814.704	-0.002
815.014	-0.002
815.426	-0.002
815.530	-0.002
815.942	-0.002
815.839	-0.002
816.355	-0.003
816.458	-0.002
816.974	-0.002
817.180	-0.002
817.386	-0.002
817.593	-0.002
817.902	-0.002
818.108	-0.002
818.521	-0.002
818.727	-0.003
819.037	-0.002
819.140	-0.002
819.449	-0.002
819.656	-0.002
820.068	-0.002
820.378	-0.002
820.687	-0.002
820.687	-0.002
821.100	-0.002
821.306	-0.002
821.616	-0.002
821.925	-0.002
822.338	-0.002
822.234	-0.002
822.750	-0.002
823.060	-0.003
823.266	-0.002
