202.077 -0.002
202.277 -0.002
202.477 -0.002
202.677 -0.002
202.877 -0.002
203.077 -0.002
203.277 -0.0021
203.477 -0.0025
203.677 -0.0029
203.877 -0.0028
204.077 -0.0025
204.277 -0.0022
204.477 -0.002
204.677 -0.002
204.877 -0.003
205.077 -0.0023
205.277 -0.002
205.477 -0.002
205.677 -0.002
205.877 -0.002
206.077 -0.002
206.277 -0.002
206.477 -0.002
206.677 -0.0025
206.877 -0.0028
207.077 -0.0022
207.277 -0.0029
207.477 -0.0024
207.677 -0.0022
207.877 -0.002
208.077 -0.002
208.277 -0.002
208.477 -0.002
208.677 -0.002
208.877 -0.002
209.077 -0.002
209.277 -0.002
209.477 -0.002
209.677 -0.0028
209.877 -0.0025
210.077 -0.002
210.277 -0.002
210.477 -0.002
210.677 -0.002
210.877 -0.0021
211.077 -0.003
211.277 -0.003
211.477 -0.003
211.677 -0.0023
211.877 -0.002
212.077 -0.002
212.277 -0.002
212.477 -0.002
212.677 -0.002
212.877 -0.002
213.077 -0.002
213.277 -0.002
213.477 -0.002
213.677 -0.002
213.877 -0.002
214.077 -0.002
214.277 -0.002
214.477 -0.002
214.677 -0.002
214.877 -0.002
215.077 -0.002
215.277 -0.002
215.477 -0.002
215.677 -0.002
215.877 -0.002
216.077 -0.002
216.277 -0.002
216.477 -0.002
216.677 -0.002
216.877 -0.002
217.077 -0.002
217.277 -0.002
217.477 -0.002
217.677 -0.002
217.877 -0.002
218.077 -0.002
218.277 -0.002
218.477 -0.002
218.677 -0.002
218.877 -0.002
219.077 -0.002
219.277 -0.002
219.477 -0.0025
219.677 -0.0027
219.877 -0.0021
220.077 -0.0026
220.277 -0.0026
220.477 -0.002
220.677 -0.002
220.877 -0.002
221.077 -0.0024
221.277 -0.0029
221.477 -0.002
221.677 -0.002
221.877 -0.002
222.077 -0.002
222.277 -0.002
222.477 -0.002
222.677 -0.002
222.877 -0.002
223.077 -0.002
223.277 -0.002
223.477 -0.002
223.677 -0.002
223.877 -0.002
224.077 -0.002
224.277 -0.002
224.477 -0.002
224.677 -0.002
224.877 -0.002
225.077 -0.002
225.277 -0.002
225.477 -0.002
225.677 -0.002
225.877 -0.002
226.077 -0.002
226.277 -0.002
226.477 -0.002
226.677 -0.002
226.877 -0.002
227.077 -0.002
227.277 -0.002
227.477 -0.002
227.677 -0.002
227.877 -0.002
228.077 -0.002
228.277 -0.002
228.477 -0.002
228.677 -0.002
228.877 -0.002
229.077 -0.003
229.277 -0.003
229.477 -0.003
229.677 -0.002
229.877 -0.002
230.077 -0.002
230.277 -0.002
230.477 -0.002
230.677 -0.002
230.877 -0.002
231.077 -0.002
231.277 -0.002
231.477 -0.002
231.677 -0.002
231.877 -0.002
232.077 -0.002
232.277 -0.002
232.477 -0.002
232.677 -0.002
232.877 -0.0028
233.077 -0.0025
233.277 -0.002
233.477 -0.002
233.677 -0.002
233.877 -0.002
234.077 -0.002
234.277 -0.003
234.477 -0.0023
234.677 -0.002
234.877 -0.002
235.077 -0.002
235.277 -0.002
235.477 -0.002
235.677 -0.002
235.877 -0.002
236.077 -0.002
236.277 -0.002
236.477 -0.002
236.677 -0.002
236.877 -0.002
237.077 -0.002
237.277 -0.002
237.477 -0.002
237.677 -0.002
237.877 -0.002
238.077 -0.002
238.277 -0.002
238.477 -0.002
238.677 -0.002
238.877 -0.002
239.077 -0.002
239.277 -0.002
239.477 -0.002
239.677 -0.002
239.877 -0.002
240.077 -0.002
240.277 -0.002
240.477 -0.002
240.677 -0.002
240.877 -0.002
241.077 -0.002
241.277 -0.002
241.477 -0.002
241.677 -0.002
241.877 -0.0023
242.077 -0.0029
242.277 -0.002
242.477 -0.002
242.677 -0.002
242.877 -0.002
243.077 -0.002
243.277 -0.002
243.477 -0.002
243.677 -0.0024
243.877 -0.003
244.077 -0.0026
244.277 -0.002
244.477 -0.002
244.677 -0.002
244.877 -0.002
245.077 -0.002
245.277 -0.002
245.477 -0.002
245.677 -0.002
245.877 -0.002
246.077 -0.002
246.277 -0.002
246.477 -0.002
246.677 -0.002
246.877 -0.002
247.077 -0.002
247.277 -0.002
247.477 -0.002
247.677 -0.002
247.877 -0.0022
248.077 -0.0027
248.277 -0.0027
248.477 -0.0021
248.677 -0.0028
248.877 -0.0021
249.077 -0.0028
249.277 -0.0027
249.477 -0.0023
249.677 -0.002
249.877 -0.002
250.077 -0.002
250.277 -0.0029
250.477 -0.0023
250.677 -0.002
250.877 -0.002
251.077 -0.002
251.277 -0.0029
251.477 -0.0021
251.677 -0.002
251.877 -0.002
252.077 -0.002
252.277 -0.002
252.477 -0.002
252.677 -0.002
252.877 -0.002
253.077 -0.0023
253.277 -0.0027
253.477 -0.0029
253.677 -0.002
253.877 -0.002
254.077 -0.002
254.277 -0.002
254.477 -0.002
254.677 -0.002
254.877 -0.002
255.077 -0.002
255.277 -0.002
255.477 -0.0028
255.677 -0.0024
255.877 -0.0025
256.077 -0.0025
256.277 -0.002
256.477 -0.002
256.677 -0.002
256.877 -0.003
257.077 -0.0025
257.277 -0.002
257.477 -0.0025
257.677 -0.0027
257.877 -0.002
258.077 -0.002
258.277 -0.0024
258.477 -0.0028
258.677 -0.0021
258.877 -0.0028
259.077 -0.003
259.277 -0.0028
259.477 -0.002
259.677 -0.002
259.877 -0.002
260.077 -0.0029
260.277 -0.0023
260.477 -0.0025
260.677 -0.002
260.877 -0.002
261.077 -0.002
261.277 -0.002
261.477 -0.002
261.677 -0.002
261.877 -0.002
262.077 -0.002
262.277 -0.002
262.477 -0.002
262.677 -0.002
262.877 -0.002
263.077 -0.002
263.277 -0.002
263.477 -0.002
263.677 -0.002
263.877 -0.002
264.077 -0.002
264.277 -0.002
264.477 -0.002
264.677 -0.002
264.877 -0.0026
265.077 -0.0021
265.277 -0.002
265.477 -0.002
265.677 -0.002
265.877 -0.002
266.077 -0.002
266.277 -0.002
266.477 -0.002
266.677 -0.002
266.877 -0.002
267.077 -0.002
267.277 -0.002
267.477 -0.002
267.677 -0.002
267.877 -0.0028
268.077 -0.0021
268.277 -0.002
268.477 -0.002
268.677 -0.002
268.877 -0.0025
269.077 -0.0025
269.277 -0.002
269.477 -0.002
269.677 -0.002
269.877 -0.002
270.077 -0.002
270.277 -0.002
270.477 -0.002
270.677 -0.002
270.877 -0.002
271.077 -0.002
271.277 -0.002
271.477 -0.002
271.677 -0.002
271.877 -0.002
272.077 -0.002
272.277 -0.002
272.477 -0.002
272.677 -0.002
272.877 -0.0022
273.077 -0.0029
273.277 -0.0023
273.477 -0.002
273.677 -0.002
273.877 -0.002
274.077 -0.002
274.277 -0.002
274.477 -0.002
274.677 -0.002
274.877 -0.002
275.077 -0.002
275.277 -0.002
275.477 -0.002
275.677 -0.002
275.877 -0.002
276.077 -0.002
276.277 -0.002
276.477 -0.002
276.677 -0.002
276.877 -0.002
277.077 -0.002
277.277 -0.002
277.477 -0.002
277.677 -0.002
277.877 -0.002
278.077 -0.002
278.277 -0.002
278.477 -0.002
278.677 -0.002
278.877 -0.002
279.077 -0.0023
279.277 -0.0027
279.477 -0.0029
279.677 -0.0023
279.877 -0.002
280.077 -0.002
280.277 -0.002
280.477 -0.002
280.677 -0.002
280.877 -0.002
281.077 -0.002
281.277 -0.002
281.477 -0.002
281.677 -0.002
281.877 -0.002
282.077 -0.002
282.277 -0.002
282.477 -0.002
282.677 -0.002
282.877 -0.002
283.077 -0.002
283.277 -0.002
283.477 -0.002
283.677 -0.002
283.877 -0.002
284.077 -0.002
284.277 -0.002
284.477 -0.002
284.677 -0.002
284.877 -0.0022
285.077 -0.0026
285.277 -0.0025
285.477 -0.002
285.677 -0.002
285.877 -0.002
286.077 -0.002
286.277 -0.002
286.477 -0.002
286.677 -0.002
286.877 -0.002
287.077 -0.002
287.277 -0.002
287.477 -0.002
287.677 -0.002
287.877 -0.002
288.077 -0.002
288.277 -0.002
288.477 -0.002
288.677 -0.002
288.877 -0.002
289.077 -0.002
289.277 -0.002
289.477 -0.0028
289.677 -0.0024
289.877 -0.002
290.077 -0.002
290.277 -0.002
290.477 -0.002
290.677 -0.002
290.877 -0.002
291.077 -0.0026
291.277 -0.0027
291.477 -0.002
291.677 -0.002
291.877 -0.002
292.077 -0.002
292.277 -0.002
292.477 -0.002
292.677 -0.002
292.877 -0.002
293.077 -0.002
293.277 -0.002
293.477 -0.002
293.677 -0.002
293.877 -0.002
294.077 -0.002
294.277 -0.0026
294.477 -0.0026
294.677 -0.002
294.877 -0.002
295.077 -0.002
295.277 -0.002
295.477 -0.0021
295.677 -0.0026
295.877 -0.003
296.077 -0.0024
296.277 -0.002
296.477 -0.002
296.677 -0.002
296.877 -0.002
297.077 -0.002
297.277 -0.002
297.477 -0.002
297.677 -0.002
297.877 -0.002
298.077 -0.002
298.277 -0.002
298.477 -0.002
298.677 -0.002
298.877 -0.002
299.077 -0.002
299.277 -0.002
299.477 -0.002
299.677 -0.002
299.877 -0.002
300.077 -0.002
300.277 -0.002
300.477 -0.002
300.677 -0.002
300.877 -0.0022
301.077 -0.0029
301.277 -0.0025
301.477 -0.0023
301.677 -0.003
301.877 -0.0029
302.077 -0.0025
302.277 -0.0021
302.477 -0.002
302.677 -0.002
302.877 -0.002
303.077 -0.002
303.277 -0.002
303.477 -0.003
303.677 -0.0021
303.877 -0.0026
304.077 -0.0027
304.277 -0.0021
304.477 -0.002
304.677 -0.002
304.877 -0.0028
305.077 -0.0021
305.277 -0.0026
305.477 -0.0029
305.677 -0.0022
305.877 -0.002
306.077 -0.002
306.277 -0.002
306.477 -0.002
306.677 -0.002
306.877 -0.002
307.077 -0.002
307.277 -0.002
307.477 -0.002
307.677 -0.002
307.877 -0.002
308.077 -0.002
308.277 -0.002
308.477 -0.002
308.677 -0.002
308.877 -0.002
309.077 -0.002
309.277 -0.002
309.477 -0.002
309.677 -0.002
309.877 -0.002
310.077 -0.0029
310.277 -0.0025
310.477 -0.002
310.677 -0.002
310.877 -0.002
311.077 -0.002
311.277 -0.002
311.477 -0.002
311.677 -0.002
311.877 -0.002
312.077 -0.002
312.277 -0.002
312.477 -0.002
312.677 -0.002
312.877 -0.002
313.077 -0.002
313.277 -0.002
313.477 -0.002
313.677 -0.002
313.877 -0.002
314.077 -0.002
314.277 -0.002
314.477 -0.002
314.677 -0.002
314.877 -0.002
315.077 -0.002
315.277 -0.002
315.477 -0.002
315.677 -0.002
315.877 -0.002
316.077 -0.002
316.277 -0.002
316.477 -0.002
316.677 -0.002
316.877 -0.002
317.077 -0.002
317.277 -0.002
317.477 -0.002
317.677 -0.002
317.877 -0.002
318.077 -0.002
318.277 -0.002
318.477 -0.0023
318.677 -0.0028
318.877 -0.002
319.077 -0.002
319.277 -0.002
319.477 -0.002
319.677 -0.002
319.877 -0.002
320.077 -0.002
320.277 -0.002
320.477 -0.002
320.677 -0.0026
320.877 -0.0024
321.077 -0.002
321.277 -0.002
321.477 -0.0022
321.677 -0.0028
321.877 -0.003
322.077 -0.0027
322.277 -0.0022
322.477 -0.002
322.677 -0.002
322.877 -0.002
323.077 -0.002
323.277 -0.002
323.477 -0.002
323.677 -0.002
323.877 -0.002
324.077 -0.002
324.277 -0.002
324.477 -0.002
324.677 -0.002
324.877 -0.002
325.077 -0.002
325.277 -0.002
325.477 -0.002
325.677 -0.002
325.877 -0.002
326.077 -0.002
326.277 -0.0025
326.477 -0.0021
326.677 -0.002
326.877 -0.0023
327.077 -0.0029
327.277 -0.0024
327.477 -0.002
327.677 -0.002
327.877 -0.002
328.077 -0.002
328.277 -0.002
328.477 -0.002
328.677 -0.002
328.877 -0.002
329.077 -0.003
329.277 -0.0025
329.477 -0.002
329.677 -0.002
329.877 -0.002
330.077 -0.002
330.277 -0.002
330.477 -0.002
330.677 -0.002
330.877 -0.002
331.077 -0.002
331.277 -0.002
331.477 -0.002
331.677 -0.002
331.877 -0.002
332.077 -0.002
332.277 -0.002
332.477 -0.002
332.677 -0.002
332.877 -0.002
333.077 -0.002
333.277 -0.0023
333.477 -0.0029
333.677 -0.0024
333.877 -0.002
334.077 -0.002
334.277 -0.0021
334.477 -0.0026
334.677 -0.0026
334.877 -0.002
335.077 -0.002
335.277 -0.002
335.477 -0.002
335.677 -0.002
335.877 -0.002
336.077 -0.002
336.277 -0.002
336.477 -0.002
336.677 -0.002
336.877 -0.0026
337.077 -0.002
337.277 -0.002
337.477 -0.002
337.677 -0.002
337.877 -0.002
338.077 -0.002
338.277 -0.002
338.477 -0.002
338.677 -0.002
338.877 -0.002
339.077 -0.002
339.277 -0.002
339.477 -0.002
339.677 -0.002
339.877 -0.002
340.077 -0.002
340.277 -0.002
340.477 -0.002
340.677 -0.002
340.877 -0.002
341.077 -0.002
341.277 -0.002
341.477 -0.002
341.677 -0.002
341.877 -0.002
342.077 -0.002
342.277 -0.002
342.477 -0.002
342.677 -0.0027
342.877 -0.002
343.077 -0.002
343.277 -0.002
343.477 -0.002
343.677 -0.002
343.877 -0.002
344.077 -0.002
344.277 -0.002
344.477 -0.002
344.677 -0.002
344.877 -0.002
345.077 -0.002
345.277 -0.002
345.477 -0.002
345.677 -0.002
345.877 -0.002
346.077 -0.002
346.277 -0.002
346.477 -0.002
346.677 -0.002
346.877 -0.002
347.077 -0.002
347.277 -0.002
347.477 -0.0022
347.677 -0.0028
347.877 -0.0025
348.077 -0.002
348.277 -0.002
348.477 -0.002
348.677 -0.002
348.877 -0.002
349.077 -0.002
349.277 -0.002
349.477 -0.002
349.677 -0.002
349.877 -0.002
350.077 -0.002
350.277 -0.002
350.477 -0.002
350.677 -0.002
350.877 -0.002
351.077 -0.002
351.277 -0.002
351.477 -0.002
351.677 -0.002
351.877 -0.002
352.077 -0.002
352.277 -0.002
352.477 -0.002
352.677 -0.002
352.877 -0.002
353.077 -0.002
353.277 -0.002
353.477 -0.002
353.677 -0.002
353.877 -0.002
354.077 -0.002
354.277 -0.002
354.477 -0.002
354.677 -0.002
354.877 -0.002
355.077 -0.002
355.277 -0.002
355.477 -0.002
355.677 -0.002
355.877 -0.002
356.077 -0.002
356.277 -0.002
356.477 -0.0029
356.677 -0.0022
356.877 -0.002
357.077 -0.002
357.277 -0.002
357.477 -0.002
357.677 -0.002
357.877 -0.002
358.077 -0.002
358.277 -0.002
358.477 -0.002
358.677 -0.002
358.877 -0.002
359.077 -0.002
359.277 -0.002
359.477 -0.002
359.677 -0.0024
359.877 -0.0029
360.077 -0.0022
360.277 -0.002
360.477 -0.002
360.677 -0.002
360.877 -0.002
361.077 -0.002
361.277 -0.002
361.477 -0.002
361.677 -0.002
361.877 -0.002
362.077 -0.002
362.277 -0.002
362.477 -0.002
362.677 -0.002
362.877 -0.002
363.077 -0.002
363.277 -0.0026
363.477 -0.0027
363.677 -0.002
363.877 -0.002
364.077 -0.002
364.277 -0.002
364.477 -0.0021
364.677 -0.0026
364.877 -0.0029
365.077 -0.002
365.277 -0.002
365.477 -0.002
365.677 -0.002
365.877 -0.002
366.077 -0.002
366.277 -0.002
366.477 -0.002
366.677 -0.002
366.877 -0.0028
367.077 -0.0025
367.277 -0.002
367.477 -0.002
367.677 -0.002
367.877 -0.0026
368.077 -0.0024
368.277 -0.002
368.477 -0.002
368.677 -0.002
368.877 -0.002
369.077 -0.002
369.277 -0.002
369.477 -0.002
369.677 -0.002
369.877 -0.002
370.077 -0.002
370.277 -0.002
370.477 -0.002
370.677 -0.002
370.877 -0.002
371.077 -0.002
371.277 -0.002
371.477 -0.002
371.677 -0.002
371.877 -0.002
372.077 -0.0027
372.277 -0.0027
372.477 -0.002
372.677 -0.002
372.877 -0.002
373.077 -0.002
373.277 -0.002
373.477 -0.002
373.677 -0.002
373.877 -0.002
374.077 -0.002
374.277 -0.002
374.477 -0.0026
374.677 -0.003
374.877 -0.0029
375.077 -0.002
375.277 -0.002
375.477 -0.002
375.677 -0.002
375.877 -0.0024
376.077 -0.0028
376.277 -0.0025
376.477 -0.0021
376.677 -0.002
376.877 -0.002
377.077 -0.002
377.277 -0.002
377.477 -0.002
377.677 -0.002
377.877 -0.002
378.077 -0.002
378.277 -0.002
378.477 -0.002
378.677 -0.002
378.877 -0.0025
379.077 -0.003
379.277 -0.0021
379.477 -0.002
379.677 -0.002
379.877 -0.002
380.077 -0.002
380.277 -0.002
380.477 -0.002
380.677 -0.002
380.877 -0.002
381.077 -0.002
381.277 -0.002
381.477 -0.002
381.677 -0.002
381.877 -0.002
382.077 -0.002
382.277 -0.002
382.477 -0.002
382.677 -0.002
382.877 -0.002
383.077 -0.002
383.277 -0.002
383.477 -0.002
383.677 -0.002
383.877 -0.002
384.077 -0.002
384.277 -0.002
384.477 -0.002
384.677 -0.002
384.877 -0.002
385.077 -0.002
385.277 -0.002
385.477 -0.0022
385.677 -0.0027
385.877 -0.0027
386.077 -0.0021
386.277 -0.002
386.477 -0.002
386.677 -0.002
386.877 -0.003
387.077 -0.0026
387.277 -0.0022
387.477 -0.002
387.677 -0.002
387.877 -0.002
388.077 -0.002
388.277 -0.002
388.477 -0.002
388.677 -0.002
388.877 -0.002
389.077 -0.002
389.277 -0.002
389.477 -0.0028
389.677 -0.0025
389.877 -0.0014
390.077 -0.0025
390.277 -0.0025
390.477 -0.002
390.677 -0.002
390.877 -0.002
391.077 -0.002
391.277 -0.0021
391.477 -0.003
391.677 -0.0023
391.877 -0.002
392.077 -0.002
392.277 -0.002
392.477 -0.002
392.677 -0.002
392.877 -0.002
393.077 -0.002
393.277 -0.002
393.477 -0.002
393.677 -0.002
393.877 -0.002
394.077 -0.002
394.277 -0.002
394.477 -0.002
394.677 -0.0027
394.877 -0.0027
395.077 -0.002
395.277 -0.002
395.477 -0.002
395.677 -0.002
395.877 -0.002
396.077 -0.002
396.277 -0.002
396.477 -0.002
396.677 -0.002
396.877 -0.002
397.077 -0.002
397.277 -0.002
397.477 -0.002
397.677 -0.0024
397.877 -0.0029
398.077 -0.002
398.277 -0.002
398.477 -0.002
398.677 -0.002
398.877 -0.002
399.077 -0.002
399.277 -0.002
399.477 -0.002
399.677 -0.002
399.877 -0.002
400.077 -0.002
400.277 -0.002
400.477 -0.002
400.677 -0.002
400.877 -0.002
401.077 -0.0025
401.277 -0.002
401.477 -0.002
401.677 -0.002
401.877 -0.0022
402.077 -0.0026
402.277 -0.003
402.477 -0.0022
402.677 -0.002
402.877 -0.0021
403.077 -0.0024
403.277 -0.0027
403.477 -0.002
403.677 -0.002
403.877 -0.002
404.077 -0.002
404.277 -0.002
404.477 -0.002
404.677 -0.002
404.877 -0.002
405.077 -0.002
405.277 -0.002
405.477 -0.0024
405.677 -0.0026
405.877 -0.002
406.077 -0.002
406.277 -0.002
406.477 -0.002
406.677 -0.002
406.877 -0.002
407.077 -0.002
407.277 -0.002
407.477 -0.002
407.677 -0.002
407.877 -0.002
408.077 -0.002
408.277 -0.002
408.477 -0.002
408.677 -0.002
408.877 -0.002
409.077 -0.002
409.277 -0.002
409.477 -0.002
409.677 -0.002
409.877 -0.002
410.077 -0.002
410.277 -0.002
410.477 -0.002
410.677 -0.002
410.877 -0.002
411.077 -0.002
411.277 -0.002
411.477 -0.002
411.677 -0.002
411.877 -0.002
412.077 -0.002
412.277 -0.002
412.477 -0.002
412.677 -0.002
412.877 -0.0024
413.077 -0.0029
413.277 -0.002
413.477 -0.002
413.677 -0.002
413.877 -0.002
414.077 -0.002
414.277 -0.002
414.477 -0.002
414.677 -0.002
414.877 -0.002
415.077 -0.002
415.277 -0.002
415.477 -0.002
415.677 -0.002
415.877 -0.0028
416.077 -0.0024
416.277 -0.002
416.477 -0.002
416.677 -0.002
416.877 -0.002
417.077 -0.002
417.277 -0.002
417.477 -0.002
417.677 -0.002
417.877 -0.002
418.077 -0.002
418.277 -0.002
418.477 -0.002
418.677 -0.002
418.877 -0.002
419.077 -0.002
419.277 -0.002
419.477 -0.002
419.677 -0.002
419.877 -0.0023
420.077 -0.0028
420.277 -0.002
420.477 -0.0021
420.677 -0.003
420.877 -0.0025
421.077 -0.002
421.277 -0.002
421.477 -0.002
421.677 -0.002
421.877 -0.002
422.077 -0.0022
422.277 -0.0027
422.477 -0.0027
422.677 -0.002
422.877 -0.002
423.077 -0.002
423.277 -0.002
423.477 -0.002
423.677 -0.002
423.877 -0.002
424.077 -0.0028
424.277 -0.0024
424.477 -0.002
424.677 -0.002
424.877 -0.002
425.077 -0.002
425.277 -0.002
425.477 -0.002
425.677 -0.0022
425.877 -0.0026
426.077 -0.0025
426.277 -0.002
426.477 -0.002
426.677 -0.002
426.877 -0.002
427.077 -0.002
427.277 -0.002
427.477 -0.002
427.677 -0.002
427.877 -0.002
428.077 -0.002
428.277 -0.002
428.477 -0.002
428.677 -0.002
428.877 -0.002
429.077 -0.002
429.277 -0.0022
429.477 -0.0028
429.677 -0.0021
429.877 -0.0028
430.077 -0.0024
430.277 -0.002
430.477 -0.002
430.677 -0.002
430.877 -0.002
431.077 -0.002
431.277 -0.002
431.477 -0.002
431.677 -0.002
431.877 -0.002
432.077 -0.002
432.277 -0.002
432.477 -0.0028
432.677 -0.0023
432.877 -0.0023
433.077 -0.0027
433.277 -0.002
433.477 -0.002
433.677 -0.002
433.877 -0.0022
434.077 -0.0026
434.277 -0.003
434.477 -0.003
434.677 -0.0021
434.877 -0.002
435.077 -0.002
435.277 -0.002
435.477 -0.002
435.677 -0.002
435.877 -0.002
436.077 -0.002
436.277 -0.002
436.477 -0.002
436.677 -0.002
436.877 -0.002
437.077 -0.002
437.277 -0.002
437.477 -0.002
437.677 -0.002
437.877 -0.002
438.077 -0.0025
438.277 -0.0021
438.477 -0.002
438.677 -0.002
438.877 -0.002
439.077 -0.002
439.277 -0.0027
439.477 -0.0023
439.677 -0.0024
439.877 -0.0029
440.077 -0.0023
440.277 -0.002
440.477 -0.002
440.677 -0.002
440.877 -0.002
441.077 -0.002
441.277 -0.002
441.477 -0.002
441.677 -0.002
441.877 -0.002
442.077 -0.002
442.277 -0.002
442.477 -0.002
442.677 -0.002
442.877 -0.002
443.077 -0.002
443.277 -0.002
443.477 -0.002
443.677 -0.002
443.877 -0.002
444.077 -0.002
444.277 -0.002
444.477 -0.002
444.677 -0.002
444.877 -0.002
445.077 -0.002
445.277 -0.0025
445.477 -0.003
445.677 -0.003
445.877 -0.0026
446.077 -0.0022
446.277 -0.002
446.477 -0.002
446.677 -0.002
446.877 -0.002
447.077 -0.002
447.277 -0.002
447.477 -0.002
447.677 -0.002
447.877 -0.002
448.077 -0.0029
448.277 -0.0021
448.477 -0.002
448.677 -0.002
448.877 -0.002
449.077 -0.002
449.277 -0.002
449.477 -0.002
449.677 -0.002
449.877 -0.002
450.077 -0.002
450.277 -0.002
450.477 -0.002
450.677 -0.002
450.877 -0.002
451.077 -0.0023
451.277 -0.0029
451.477 -0.002
451.677 -0.002
451.877 -0.002
452.077 -0.002
452.277 -0.002
452.477 -0.002
452.677 -0.002
452.877 -0.002
453.077 -0.002
453.277 -0.002
453.477 -0.002
453.677 -0.002
453.877 -0.002
454.077 -0.0029
454.277 -0.0024
454.477 -0.002
454.677 -0.002
454.877 -0.002
455.077 -0.002
455.277 -0.002
455.477 -0.002
455.677 -0.002
455.877 -0.002
456.077 -0.002
456.277 -0.002
456.477 -0.0026
456.677 -0.0027
456.877 -0.0022
457.077 -0.002
457.277 -0.002
457.477 -0.002
457.677 -0.0022
457.877 -0.0027
458.077 -0.0023
458.277 -0.002
458.477 -0.002
458.677 -0.002
458.877 -0.0027
459.077 -0.003
459.277 -0.0028
459.477 -0.002
459.677 -0.002
459.877 -0.002
460.077 -0.002
460.277 -0.003
460.477 -0.002
460.677 -0.002
460.877 -0.002
461.077 -0.002
461.277 -0.002
461.477 -0.002
461.677 -0.002
461.877 -0.0022
462.077 -0.0028
462.277 -0.0029
462.477 -0.0022
462.677 -0.002
462.877 -0.002
463.077 -0.002
463.277 -0.002
463.477 -0.002
463.677 -0.002
463.877 -0.002
464.077 -0.002
464.277 -0.0029
464.477 -0.0026
464.677 -0.0021
464.877 -0.002
465.077 -0.002
465.277 -0.002
465.477 -0.002
465.677 -0.002
465.877 -0.002
466.077 -0.002
466.277 -0.002
466.477 -0.002
466.677 -0.002
466.877 -0.0025
467.077 -0.0025
467.277 -0.002
467.477 -0.002
467.677 -0.002
467.877 -0.002
468.077 -0.002
468.277 -0.002
468.477 -0.002
468.677 -0.002
468.877 -0.002
469.077 -0.002
469.277 -0.002
469.477 -0.0021
469.677 -0.0027
469.877 -0.0024
470.077 -0.002
470.277 -0.002
470.477 -0.002
470.677 -0.002
470.877 -0.002
471.077 -0.002
471.277 -0.002
471.477 -0.002
471.677 -0.002
471.877 -0.002
472.077 -0.002
472.277 -0.002
472.477 -0.002
472.677 -0.002
472.877 -0.0022
473.077 -0.0026
473.277 -0.003
473.477 -0.002
473.677 -0.002
473.877 -0.002
474.077 -0.002
474.277 -0.002
474.477 -0.002
474.677 -0.002
474.877 -0.002
475.077 -0.002
475.277 -0.002
475.477 -0.002
475.677 -0.002
475.877 -0.002
476.077 -0.002
476.277 -0.002
476.477 -0.002
476.677 -0.002
476.877 -0.002
477.077 -0.002
477.277 -0.002
477.477 -0.002
477.677 -0.002
477.877 -0.002
478.077 -0.002
478.277 -0.002
478.477 -0.0027
478.677 -0.0025
478.877 -0.002
479.077 -0.002
479.277 -0.002
479.477 -0.002
479.677 -0.002
479.877 -0.002
480.077 -0.002
480.277 -0.002
480.477 -0.002
480.677 -0.002
480.877 -0.002
481.077 -0.002
481.277 -0.002
481.477 -0.002
481.677 -0.002
481.877 -0.002
482.077 -0.002
482.277 -0.002
482.477 -0.002
482.677 -0.002
482.877 -0.002
483.077 -0.002
483.277 -0.0023
483.477 -0.0027
483.677 -0.0021
483.877 -0.002
484.077 -0.002
484.277 -0.002
484.477 -0.002
484.677 -0.002
484.877 -0.0022
485.077 -0.0028
485.277 -0.003
485.477 -0.0023
485.677 -0.0023
485.877 -0.0028
486.077 -0.0029
486.277 -0.0023
486.477 -0.002
486.677 -0.002
486.877 -0.002
487.077 -0.002
487.277 -0.002
487.477 -0.002
487.677 -0.002
487.877 -0.002
488.077 -0.002
488.277 -0.002
488.477 -0.002
488.677 -0.002
488.877 -0.002
489.077 -0.002
489.277 -0.002
489.477 -0.002
489.677 -0.002
489.877 -0.002
490.077 -0.002
490.277 -0.002
490.477 -0.002
490.677 -0.002
490.877 -0.002
491.077 -0.002
491.277 -0.002
491.477 -0.002
491.677 -0.002
491.877 -0.0025
492.077 -0.0027
492.277 -0.002
492.477 -0.002
492.677 -0.002
492.877 -0.002
493.077 -0.002
493.277 -0.002
493.477 -0.002
493.677 -0.003
493.877 -0.003
494.077 -0.0028
494.277 -0.0021
494.477 -0.002
494.677 -0.002
494.877 -0.002
495.077 -0.002
495.277 -0.002
495.477 -0.002
495.677 -0.002
495.877 -0.002
496.077 -0.002
496.277 -0.002
496.477 -0.002
496.677 -0.002
496.877 -0.002
497.077 -0.0023
497.277 -0.0029
497.477 -0.002
497.677 -0.002
497.877 -0.002
498.077 -0.002
498.277 -0.002
498.477 -0.002
498.677 -0.002
498.877 -0.002
499.077 -0.002
499.277 -0.002
499.477 -0.0025
499.677 -0.003
499.877 -0.002
500.077 -0.002
500.277 -0.002
500.477 -0.0029
500.677 -0.0022
500.877 -0.002
501.077 -0.002
501.277 -0.002
501.477 -0.002
501.677 -0.002
501.877 -0.002
502.077 -0.002
502.277 -0.002
502.477 -0.002
502.677 -0.002
502.877 -0.002
503.077 -0.002
503.277 -0.002
503.477 -0.002
503.677 -0.002
503.877 -0.002
504.077 -0.002
504.277 -0.002
504.477 -0.002
504.677 -0.002
504.877 -0.002
505.077 -0.002
505.277 -0.002
505.477 -0.002
505.677 -0.002
505.877 -0.002
506.077 -0.002
506.277 -0.002
506.477 -0.002
506.677 -0.002
506.877 -0.002
507.077 -0.002
507.277 -0.002
507.477 -0.002
507.677 -0.002
507.877 -0.002
508.077 -0.002
508.277 -0.002
508.477 -0.002
508.677 -0.002
508.877 -0.002
509.077 -0.0021
509.277 -0.0027
509.477 -0.0022
509.677 -0.0023
509.877 -0.003
510.077 -0.0021
510.277 -0.002
510.477 -0.002
510.677 -0.002
510.877 -0.002
511.077 -0.002
511.277 -0.002
511.477 -0.002
511.677 -0.002
511.877 -0.002
512.077 -0.002
512.277 -0.002
512.477 -0.002
512.677 -0.002
512.877 -0.002
513.077 -0.002
513.277 -0.002
513.477 -0.002
513.677 -0.002
513.877 -0.002
514.077 -0.002
514.277 -0.002
514.477 -0.002
514.677 -0.002
514.877 -0.002
515.077 -0.002
515.277 -0.002
515.477 -0.002
515.677 -0.002
515.877 -0.002
516.077 -0.002
516.277 -0.002
516.477 -0.002
516.677 -0.002
516.877 -0.002
517.077 -0.002
517.277 -0.0026
517.477 -0.003
517.677 -0.0025
517.877 -0.002
518.077 -0.002
518.277 -0.002
518.477 -0.0026
518.677 -0.0026
518.877 -0.0021
519.077 -0.003
519.277 -0.0023
519.477 -0.002
519.677 -0.002
519.877 -0.002
520.077 -0.002
520.277 -0.002
520.477 -0.002
520.677 -0.002
520.877 -0.002
521.077 -0.002
521.277 -0.002
521.477 -0.002
521.677 -0.002
521.877 -0.002
522.077 -0.002
522.277 -0.002
522.477 -0.002
522.677 -0.002
522.877 -0.002
523.077 -0.002
523.277 -0.002
523.477 -0.002
523.677 -0.002
523.877 -0.002
524.077 -0.002
524.277 -0.002
524.477 -0.002
524.677 -0.002
524.877 -0.002
525.077 -0.0021
525.277 -0.0027
525.477 -0.0024
525.677 -0.002
525.877 -0.002
526.077 -0.002
526.277 -0.002
526.477 -0.002
526.677 -0.002
526.877 -0.002
527.077 -0.002
527.277 -0.002
527.477 -0.002
527.677 -0.002
527.877 -0.0021
528.077 -0.0028
528.277 -0.0026
528.477 -0.002
528.677 -0.002
528.877 -0.003
529.077 -0.002
529.277 -0.002
529.477 -0.002
529.677 -0.002
529.877 -0.002
530.077 -0.002
530.277 -0.002
530.477 -0.002
530.677 -0.002
530.877 -0.002
531.077 -0.002
531.277 -0.002
531.477 -0.002
531.677 -0.002
531.877 -0.002
532.077 -0.002
532.277 -0.002
532.477 -0.002
532.677 -0.002
532.877 -0.002
533.077 -0.002
533.277 -0.002
533.477 -0.002
533.677 -0.002
533.877 -0.002
534.077 -0.002
534.277 -0.002
534.477 -0.002
534.677 -0.002
534.877 -0.002
535.077 -0.002
535.277 -0.002
535.477 -0.002
535.677 -0.002
535.877 -0.002
536.077 -0.002
536.277 -0.002
536.477 -0.002
536.677 -0.0028
536.877 -0.0023
537.077 -0.0026
537.277 -0.0026
537.477 -0.0021
537.677 -0.002
537.877 -0.002
538.077 -0.002
538.277 -0.002
538.477 -0.002
538.677 -0.002
538.877 -0.002
539.077 -0.002
539.277 -0.002
539.477 -0.002
539.677 -0.002
539.877 -0.002
540.077 -0.0023
540.277 -0.0028
540.477 -0.0022
540.677 -0.002
540.877 -0.002
541.077 -0.002
541.277 -0.002
541.477 -0.002
541.677 -0.0023
541.877 -0.0028
542.077 -0.002
542.277 -0.002
542.477 -0.0029
542.677 -0.0024
542.877 -0.002
543.077 -0.0024
543.277 -0.0029
543.477 -0.0026
543.677 -0.0021
543.877 -0.002
544.077 -0.0022
544.277 -0.0029
544.477 -0.0022
544.677 -0.002
544.877 -0.002
545.077 -0.002
545.277 -0.002
545.477 -0.002
545.677 -0.002
545.877 -0.002
546.077 -0.002
546.277 -0.002
546.477 -0.002
546.677 -0.002
546.877 -0.002
547.077 -0.002
547.277 -0.003
547.477 -0.003
547.677 -0.0028
547.877 -0.002
548.077 -0.002
548.277 -0.002
548.477 -0.002
548.677 -0.002
548.877 -0.002
549.077 -0.002
549.277 -0.002
549.477 -0.002
549.677 -0.002
549.877 -0.002
550.077 -0.002
550.277 -0.002
550.477 -0.002
550.677 -0.002
550.877 -0.002
551.077 -0.002
551.277 -0.002
551.477 -0.002
551.677 -0.002
551.877 -0.002
552.077 -0.0027
552.277 -0.003
552.477 -0.003
552.677 -0.0027
552.877 -0.0021
553.077 -0.0027
553.277 -0.0025
553.477 -0.002
553.677 -0.002
553.877 -0.002
554.077 -0.002
554.277 -0.002
554.477 -0.002
554.677 -0.002
554.877 -0.002
555.077 -0.002
555.277 -0.002
555.477 -0.002
555.677 -0.002
555.877 -0.002
556.077 -0.002
556.277 -0.002
556.477 -0.002
556.677 -0.002
556.877 -0.002
557.077 -0.002
557.277 -0.002
557.477 -0.002
557.677 -0.002
557.877 -0.002
558.077 -0.002
558.277 -0.0025
558.477 -0.003
558.677 -0.002
558.877 -0.002
559.077 -0.0028
559.277 -0.0024
559.477 -0.002
559.677 -0.002
559.877 -0.002
560.077 -0.002
560.277 -0.002
560.477 -0.002
560.677 -0.002
560.877 -0.0029
561.077 -0.0024
561.277 -0.002
561.477 -0.002
561.677 -0.002
561.877 -0.002
562.077 -0.002
562.277 -0.002
562.477 -0.002
562.677 -0.002
562.877 -0.002
563.077 -0.002
563.277 -0.002
563.477 -0.0028
563.677 -0.0022
563.877 -0.002
564.077 -0.002
564.277 -0.002
564.477 -0.002
564.677 -0.002
564.877 -0.002
565.077 -0.002
565.277 -0.003
565.477 -0.0024
565.677 -0.0024
565.877 -0.003
566.077 -0.003
566.277 -0.0025
566.477 -0.002
566.677 -0.002
566.877 -0.002
567.077 -0.002
567.277 -0.002
567.477 -0.002
567.677 -0.002
567.877 -0.002
568.077 -0.002
568.277 -0.002
568.477 -0.002
568.677 -0.002
568.877 -0.002
569.077 -0.0024
569.277 -0.0029
569.477 -0.002
569.677 -0.002
569.877 -0.002
570.077 -0.002
570.277 -0.0022
570.477 -0.0029
570.677 -0.0024
570.877 -0.002
571.077 -0.002
571.277 -0.002
571.477 -0.002
571.677 -0.002
571.877 -0.002
572.077 -0.002
572.277 -0.002
572.477 -0.002
572.677 -0.002
572.877 -0.002
573.077 -0.002
573.277 -0.002
573.477 -0.002
573.677 -0.002
573.877 -0.002
574.077 -0.002
574.277 -0.002
574.477 -0.002
574.677 -0.002
574.877 -0.002
575.077 -0.002
575.277 -0.0025
575.477 -0.003
575.677 -0.0024
575.877 -0.002
576.077 -0.0026
576.277 -0.0028
576.477 -0.0022
576.677 -0.002
576.877 -0.002
577.077 -0.002
577.277 -0.002
577.477 -0.002
577.677 -0.002
577.877 -0.002
578.077 -0.002
578.277 -0.002
578.477 -0.002
578.677 -0.002
578.877 -0.002
579.077 -0.0029
579.277 -0.002
579.477 -0.002
579.677 -0.002
579.877 -0.002
580.077 -0.002
580.277 -0.002
580.477 -0.002
580.677 -0.002
580.877 -0.002
581.077 -0.002
581.277 -0.002
581.477 -0.002
581.677 -0.002
581.877 -0.002
582.077 -0.002
582.277 -0.002
582.477 -0.002
582.677 -0.002
582.877 -0.002
583.077 -0.002
583.277 -0.002
583.477 -0.002
583.677 -0.002
583.877 -0.002
584.077 -0.002
584.277 -0.002
584.477 -0.002
584.677 -0.002
584.877 -0.002
585.077 -0.002
585.277 -0.002
585.477 -0.002
585.677 -0.002
585.877 -0.002
586.077 -0.0028
586.277 -0.0022
586.477 -0.0021
586.677 -0.0025
586.877 -0.0029
587.077 -0.002
587.277 -0.002
587.477 -0.002
587.677 -0.002
587.877 -0.002
588.077 -0.002
588.277 -0.002
588.477 -0.002
588.677 -0.002
588.877 -0.002
589.077 -0.002
589.277 -0.002
589.477 -0.002
589.677 -0.002
589.877 -0.002
590.077 -0.002
590.277 -0.002
590.477 -0.002
590.677 -0.002
590.877 -0.002
591.077 -0.002
591.277 -0.002
591.477 -0.002
591.677 -0.002
591.877 -0.0026
592.077 -0.003
592.277 -0.0027
592.477 -0.002
592.677 -0.002
592.877 -0.002
593.077 -0.002
593.277 -0.002
593.477 -0.002
593.677 -0.002
593.877 -0.002
594.077 -0.002
594.277 -0.0027
594.477 -0.0022
594.677 -0.002
594.877 -0.002
595.077 -0.002
595.277 -0.002
595.477 -0.002
595.677 -0.002
595.877 -0.002
596.077 -0.002
596.277 -0.002
596.477 -0.002
596.677 -0.002
596.877 -0.002
597.077 -0.002
597.277 -0.002
597.477 -0.002
597.677 -0.002
597.877 -0.002
598.077 -0.002
598.277 -0.002
598.477 -0.002
598.677 -0.002
598.877 -0.002
599.077 -0.002
599.277 -0.002
599.477 -0.002
599.677 -0.002
599.877 -0.002
600.077 -0.002
600.277 -0.002
600.477 -0.002
600.677 -0.002
600.877 -0.002
601.077 -0.002
601.277 -0.002
601.477 -0.002
601.677 -0.002
601.877 -0.002
602.077 -0.002
602.277 -0.002
602.477 -0.002
602.677 -0.002
602.877 -0.002
603.077 -0.002
603.277 -0.002
603.477 -0.002
603.677 -0.002
603.877 -0.002
604.077 -0.002
604.277 -0.002
604.477 -0.002
604.677 -0.002
604.877 -0.002
605.077 -0.0024
605.277 -0.0029
605.477 -0.0022
605.677 -0.0028
605.877 -0.002
606.077 -0.002
606.277 -0.002
606.477 -0.002
606.677 -0.002
606.877 -0.002
607.077 -0.003
607.277 -0.0026
607.477 -0.002
607.677 -0.002
607.877 -0.002
608.077 -0.002
608.277 -0.0029
608.477 -0.0024
608.677 -0.002
608.877 -0.002
609.077 -0.002
609.277 -0.002
609.477 -0.002
609.677 -0.002
609.877 -0.002
610.077 -0.002
610.277 -0.002
610.477 -0.002
610.677 -0.002
610.877 -0.002
611.077 -0.002
611.277 -0.002
611.477 -0.002
611.677 -0.0028
611.877 -0.003
612.077 -0.003
612.277 -0.002
612.477 -0.002
612.677 -0.002
612.877 -0.002
613.077 -0.002
613.277 -0.002
613.477 -0.002
613.677 -0.002
613.877 -0.002
614.077 -0.002
614.277 -0.002
614.477 -0.002
614.677 -0.002
614.877 -0.002
615.077 -0.002
615.277 -0.002
615.477 -0.002
615.677 -0.002
615.877 -0.002
616.077 -0.002
616.277 -0.002
616.477 -0.002
616.677 -0.002
616.877 -0.002
617.077 -0.002
617.277 -0.002
617.477 -0.002
617.677 -0.002
617.877 -0.002
618.077 -0.002
618.277 -0.002
618.477 -0.002
618.677 -0.002
618.877 -0.002
619.077 -0.0025
619.277 -0.0029
619.477 -0.0022
619.677 -0.002
619.877 -0.002
620.077 -0.002
620.277 -0.002
620.477 -0.002
620.677 -0.002
620.877 -0.002
621.077 -0.002
621.277 -0.002
621.477 -0.002
621.677 -0.002
621.877 -0.002
622.077 -0.002
622.277 -0.002
622.477 -0.002
622.677 -0.002
622.877 -0.002
623.077 -0.0021
623.277 -0.0027
623.477 -0.0024
623.677 -0.002
623.877 -0.0022
624.077 -0.0026
624.277 -0.003
624.477 -0.002
624.677 -0.002
624.877 -0.002
625.077 -0.002
625.277 -0.002
625.477 -0.002
625.677 -0.002
625.877 -0.002
626.077 -0.002
626.277 -0.002
626.477 -0.002
626.677 -0.002
626.877 -0.002
627.077 -0.002
627.277 -0.002
627.477 -0.002
627.677 -0.002
627.877 -0.0022
628.077 -0.0027
628.277 -0.003
628.477 -0.0027
628.677 -0.002
628.877 -0.002
629.077 -0.002
629.277 -0.002
629.477 -0.002
629.677 -0.002
629.877 -0.002
630.077 -0.002
630.277 -0.002
630.477 -0.002
630.677 -0.002
630.877 -0.002
631.077 -0.002
631.277 -0.002
631.477 -0.002
631.677 -0.002
631.877 -0.002
632.077 -0.002
632.277 -0.002
632.477 -0.002
632.677 -0.002
632.877 -0.002
633.077 -0.002
633.277 -0.002
633.477 -0.002
633.677 -0.002
633.877 -0.002
634.077 -0.002
634.277 -0.002
634.477 -0.0026
634.677 -0.0026
634.877 -0.002
635.077 -0.002
635.277 -0.002
635.477 -0.002
635.677 -0.002
635.877 -0.0021
636.077 -0.0028
636.277 -0.0024
636.477 -0.002
636.677 -0.002
636.877 -0.002
637.077 -0.002
637.277 -0.002
637.477 -0.002
637.677 -0.002
637.877 -0.002
638.077 -0.002
638.277 -0.0022
638.477 -0.0029
638.677 -0.0026
638.877 -0.0021
639.077 -0.0027
639.277 -0.0023
639.477 -0.002
639.677 -0.002
639.877 -0.002
640.077 -0.002
640.277 -0.002
640.477 -0.002
640.677 -0.002
640.877 -0.002
641.077 -0.002
641.277 -0.002
641.477 -0.002
641.677 -0.002
641.877 -0.002
642.077 -0.002
642.277 -0.002
642.477 -0.002
642.677 -0.002
642.877 -0.002
643.077 -0.002
643.277 -0.002
643.477 -0.002
643.677 -0.002
643.877 -0.002
644.077 -0.002
644.277 -0.002
644.477 -0.002
644.677 -0.002
644.877 -0.002
645.077 -0.002
645.277 -0.002
645.477 -0.002
645.677 -0.002
645.877 -0.002
646.077 -0.002
646.277 -0.002
646.477 -0.002
646.677 -0.002
646.877 -0.002
647.077 -0.002
647.277 -0.002
647.477 -0.002
647.677 -0.002
647.877 -0.002
648.077 -0.002
648.277 -0.002
648.477 -0.002
648.677 -0.002
648.877 -0.002
649.077 -0.002
649.277 -0.002
649.477 -0.002
649.677 -0.002
649.877 -0.002
650.077 -0.002
650.277 -0.002
650.477 -0.002
650.677 -0.002
650.877 -0.002
651.077 -0.002
651.277 -0.002
651.477 -0.0026
651.677 -0.0021
651.877 -0.002
652.077 -0.0024
652.277 -0.0025
652.477 -0.002
652.677 -0.002
652.877 -0.002
653.077 -0.002
653.277 -0.002
653.477 -0.002
653.677 -0.002
653.877 -0.002
654.077 -0.002
654.277 -0.002
654.477 -0.002
654.677 -0.002
654.877 -0.002
655.077 -0.002
655.277 -0.002
655.477 -0.002
655.677 -0.002
655.877 -0.002
656.077 -0.002
656.277 -0.002
656.477 -0.002
656.677 -0.002
656.877 -0.002
657.077 -0.002
657.277 -0.002
657.477 -0.002
657.677 -0.002
657.877 -0.0028
658.077 -0.002
658.277 -0.002
658.477 -0.0022
658.677 -0.0028
658.877 -0.002
659.077 -0.002
659.277 -0.0024
659.477 -0.0029
659.677 -0.002
659.877 -0.002
660.077 -0.002
660.277 -0.002
660.477 -0.002
660.677 -0.002
660.877 -0.002
661.077 -0.002
661.277 -0.002
661.477 -0.0022
661.677 -0.0028
661.877 -0.0026
662.077 -0.0022
662.277 -0.0022
662.477 -0.0029
662.677 -0.0021
662.877 -0.003
663.077 -0.0026
663.277 -0.0022
663.477 -0.002
663.677 -0.002
663.877 -0.0023
664.077 -0.0029
664.277 -0.0022
664.477 -0.0022
664.677 -0.0026
664.877 -0.0029
665.077 -0.0024
665.277 -0.002
665.477 -0.002
665.677 -0.002
665.877 -0.002
666.077 -0.002
666.277 -0.002
666.477 -0.002
666.677 -0.002
666.877 -0.002
667.077 -0.002
667.277 -0.002
667.477 -0.002
667.677 -0.002
667.877 -0.002
668.077 -0.002
668.277 -0.002
668.477 -0.0024
668.677 -0.0027
668.877 -0.0022
669.077 -0.002
669.277 -0.002
669.477 -0.002
669.677 -0.002
669.877 -0.002
670.077 -0.002
670.277 -0.002
670.477 -0.002
670.677 -0.002
670.877 -0.0027
671.077 -0.0022
671.277 -0.002
671.477 -0.002
671.677 -0.002
671.877 -0.002
672.077 -0.002
672.277 -0.002
672.477 -0.002
672.677 -0.002
672.877 -0.002
673.077 -0.002
673.277 -0.002
673.477 -0.002
673.677 -0.002
673.877 -0.002
674.077 -0.002
674.277 -0.002
674.477 -0.002
674.677 -0.002
674.877 -0.002
675.077 -0.002
675.277 -0.002
675.477 -0.002
675.677 -0.002
675.877 -0.002
676.077 -0.002
676.277 -0.002
676.477 -0.002
676.677 -0.002
676.877 -0.002
677.077 -0.002
677.277 -0.002
677.477 -0.002
677.677 -0.002
677.877 -0.002
678.077 -0.0022
678.277 -0.003
678.477 -0.0028
678.677 -0.002
678.877 -0.002
679.077 -0.0024
679.277 -0.0029
679.477 -0.002
679.677 -0.002
679.877 -0.002
680.077 -0.002
680.277 -0.002
680.477 -0.002
680.677 -0.0021
680.877 -0.0025
681.077 -0.0029
681.277 -0.002
681.477 -0.002
681.677 -0.002
681.877 -0.002
682.077 -0.002
682.277 -0.002
682.477 -0.002
682.677 -0.002
682.877 -0.002
683.077 -0.002
683.277 -0.002
683.477 -0.002
683.677 -0.002
683.877 -0.002
684.077 -0.002
684.277 -0.002
684.477 -0.002
684.677 -0.002
684.877 -0.002
685.077 -0.002
685.277 -0.002
685.477 -0.002
685.677 -0.002
685.877 -0.002
686.077 -0.002
686.277 -0.002
686.477 -0.002
686.677 -0.002
686.877 -0.002
687.077 -0.002
687.277 -0.002
687.477 -0.002
687.677 -0.002
687.877 -0.0025
688.077 -0.0028
688.277 -0.002
688.477 -0.0023
688.677 -0.0027
688.877 -0.0022
689.077 -0.002
689.277 -0.002
689.477 -0.002
689.677 -0.002
689.877 -0.002
690.077 -0.002
690.277 -0.002
690.477 -0.002
690.677 -0.002
690.877 -0.002
691.077 -0.002
691.277 -0.002
691.477 -0.002
691.677 -0.002
691.877 -0.002
692.077 -0.002
692.277 -0.002
692.477 -0.002
692.677 -0.002
692.877 -0.0027
693.077 -0.0026
693.277 -0.002
693.477 -0.002
693.677 -0.002
693.877 -0.0023
694.077 -0.0028
694.277 -0.0022
694.477 -0.002
694.677 -0.002
694.877 -0.002
695.077 -0.0026
695.277 -0.002
695.477 -0.002
695.677 -0.002
695.877 -0.002
696.077 -0.002
696.277 -0.0022
696.477 -0.0027
696.677 -0.0026
696.877 -0.002
697.077 -0.002
697.277 -0.002
697.477 -0.002
697.677 -0.002
697.877 -0.002
698.077 -0.002
698.277 -0.002
698.477 -0.002
698.677 -0.002
698.877 -0.002
699.077 -0.002
699.277 -0.002
699.477 -0.002
699.677 -0.0029
699.877 -0.0021
700.077 -0.002
700.277 -0.002
700.477 -0.002
700.677 -0.002
700.877 -0.002
701.077 -0.002
701.277 -0.002
701.477 -0.002
701.677 -0.002
701.877 -0.002
702.077 -0.002
702.277 -0.002
702.477 -0.002
702.677 -0.002
702.877 -0.002
703.077 -0.002
703.277 -0.002
703.477 -0.002
703.677 -0.002
703.877 -0.002
704.077 -0.002
704.277 -0.002
704.477 -0.002
704.677 -0.002
704.877 -0.002
705.077 -0.002
705.277 -0.003
705.477 -0.003
705.677 -0.0025
705.877 -0.002
706.077 -0.002
706.277 -0.002
706.477 -0.002
706.677 -0.002
706.877 -0.002
707.077 -0.002
707.277 -0.002
707.477 -0.002
707.677 -0.002
707.877 -0.002
708.077 -0.002
708.277 -0.002
708.477 -0.002
708.677 -0.002
708.877 -0.002
709.077 -0.002
709.277 -0.002
709.477 -0.002
709.677 -0.002
709.877 -0.002
710.077 -0.002
710.277 -0.003
710.477 -0.003
710.677 -0.0025
710.877 -0.0021
711.077 -0.0026
711.277 -0.0028
711.477 -0.002
711.677 -0.002
711.877 -0.002
712.077 -0.002
712.277 -0.002
712.477 -0.002
712.677 -0.002
712.877 -0.002
713.077 -0.002
713.277 -0.002
713.477 -0.002
713.677 -0.002
713.877 -0.0022
714.077 -0.0028
714.277 -0.002
714.477 -0.002
714.677 -0.002
714.877 -0.002
715.077 -0.002
715.277 -0.002
715.477 -0.002
715.677 -0.002
715.877 -0.002
716.077 -0.002
716.277 -0.002
716.477 -0.0022
716.677 -0.0027
716.877 -0.0024
717.077 -0.002
717.277 -0.002
717.477 -0.002
717.677 -0.002
717.877 -0.002
718.077 -0.002
718.277 -0.002
718.477 -0.002
718.677 -0.002
718.877 -0.002
719.077 -0.0023
719.277 -0.003
719.477 -0.003
719.677 -0.0024
719.877 -0.002
720.077 -0.002
720.277 -0.002
720.477 -0.002
720.677 -0.002
720.877 -0.0021
721.077 -0.0028
721.277 -0.003
721.477 -0.0028
721.677 -0.0022
721.877 -0.0026
722.077 -0.002
722.277 -0.002
722.477 -0.002
722.677 -0.002
722.877 -0.002
723.077 -0.002
723.277 -0.002
723.477 -0.002
723.677 -0.002
723.877 -0.002
724.077 -0.002
724.277 -0.002
724.477 -0.002
724.677 -0.0029
724.877 -0.0023
725.077 -0.002
725.277 -0.002
725.477 -0.002
725.677 -0.002
725.877 -0.002
726.077 -0.002
726.277 -0.002
726.477 -0.002
726.677 -0.002
726.877 -0.002
727.077 -0.002
727.277 -0.002
727.477 -0.002
727.677 -0.002
727.877 -0.002
728.077 -0.002
728.277 -0.002
728.477 -0.002
728.677 -0.002
728.877 -0.002
729.077 -0.0029
729.277 -0.0021
729.477 -0.002
729.677 -0.002
729.877 -0.002
730.077 -0.002
730.277 -0.002
730.477 -0.002
730.677 -0.002
730.877 -0.002
731.077 -0.002
731.277 -0.002
731.477 -0.0021
731.677 -0.0027
731.877 -0.0028
732.077 -0.0024
732.277 -0.002
732.477 -0.002
732.677 -0.002
732.877 -0.002
733.077 -0.002
733.277 -0.002
733.477 -0.002
733.677 -0.002
733.877 -0.002
734.077 -0.002
734.277 -0.002
734.477 -0.002
734.677 -0.002
734.877 -0.002
735.077 -0.002
735.277 -0.002
735.477 -0.002
735.677 -0.002
735.877 -0.002
736.077 -0.002
736.277 -0.002
736.477 -0.0022
736.677 -0.0026
736.877 -0.0025
737.077 -0.002
737.277 -0.002
737.477 -0.002
737.677 -0.002
737.877 -0.002
738.077 -0.002
738.277 -0.002
738.477 -0.002
738.677 -0.002
738.877 -0.002
739.077 -0.002
739.277 -0.002
739.477 -0.002
739.677 -0.002
739.877 -0.002
740.077 -0.002
740.277 -0.002
740.477 -0.002
740.677 -0.002
740.877 -0.002
741.077 -0.002
741.277 -0.002
741.477 -0.002
741.677 -0.002
741.877 -0.002
742.077 -0.002
742.277 -0.002
742.477 -0.002
742.677 -0.002
742.877 -0.0022
743.077 -0.0027
743.277 -0.0027
743.477 -0.002
743.677 -0.002
743.877 -0.002
744.077 -0.002
744.277 -0.002
744.477 -0.002
744.677 -0.002
744.877 -0.002
745.077 -0.002
745.277 -0.002
745.477 -0.002
745.677 -0.002
745.877 -0.002
746.077 -0.002
746.277 -0.002
746.477 -0.0024
746.677 -0.0029
746.877 -0.0025
747.077 -0.0023
747.277 -0.0028
747.477 -0.0024
747.677 -0.002
747.877 -0.002
748.077 -0.002
748.277 -0.0027
748.477 -0.002
748.677 -0.002
748.877 -0.002
749.077 -0.002
749.277 -0.002
749.477 -0.002
749.677 -0.002
749.877 -0.002
750.077 -0.002
750.277 -0.002
750.477 -0.002
750.677 -0.002
750.877 -0.002
751.077 -0.002
751.277 -0.002
751.477 -0.002
751.677 -0.002
751.877 -0.002
752.077 -0.002
752.277 -0.002
752.477 -0.002
752.677 -0.002
752.877 -0.002
753.077 -0.002
753.277 -0.002
753.477 -0.002
753.677 -0.002
753.877 -0.002
754.077 -0.002
754.277 -0.002
754.477 -0.002
754.677 -0.002
754.877 -0.002
755.077 -0.002
755.277 -0.002
755.477 -0.002
755.677 -0.002
755.877 -0.002
756.077 -0.002
756.277 -0.002
756.477 -0.002
756.677 -0.002
756.877 -0.002
757.077 -0.002
757.277 -0.0024
757.477 -0.0029
757.677 -0.0025
757.877 -0.002
758.077 -0.002
758.277 -0.002
758.477 -0.002
758.677 -0.002
758.877 -0.002
759.077 -0.002
759.277 -0.002
759.477 -0.002
759.677 -0.002
759.877 -0.002
760.077 -0.002
760.277 -0.002
760.477 -0.002
760.677 -0.002
760.877 -0.002
761.077 -0.002
761.277 -0.002
761.477 -0.002
761.677 -0.002
761.877 -0.002
762.077 -0.002
762.277 -0.002
762.477 -0.002
762.677 -0.002
762.877 -0.002
763.077 -0.002
763.277 -0.0025
763.477 -0.0029
763.677 -0.0024
763.877 -0.002
764.077 -0.002
764.277 -0.002
764.477 -0.002
764.677 -0.002
764.877 -0.002
765.077 -0.002
765.277 -0.002
765.477 -0.002
765.677 -0.0024
765.877 -0.0029
766.077 -0.0022
766.277 -0.002
766.477 -0.002
766.677 -0.002
766.877 -0.002
767.077 -0.0026
767.277 -0.003
767.477 -0.003
767.677 -0.0025
767.877 -0.002
768.077 -0.0028
768.277 -0.0023
768.477 -0.002
768.677 -0.002
768.877 -0.002
769.077 -0.0022
769.277 -0.0029
769.477 -0.0022
769.677 -0.002
769.877 -0.002
770.077 -0.002
770.277 -0.002
770.477 -0.002
770.677 -0.0021
770.877 -0.003
771.077 -0.0023
771.277 -0.002
771.477 -0.002
771.677 -0.002
771.877 -0.002
772.077 -0.002
772.277 -0.002
772.477 -0.002
772.677 -0.002
772.877 -0.002
773.077 -0.002
773.277 -0.002
773.477 -0.002
773.677 -0.002
773.877 -0.002
774.077 -0.002
774.277 -0.002
774.477 -0.002
774.677 -0.002
774.877 -0.002
775.077 -0.002
775.277 -0.002
775.477 -0.002
775.677 -0.002
775.877 -0.002
776.077 -0.002
776.277 -0.002
776.477 -0.002
776.677 -0.002
776.877 -0.0023
777.077 -0.0026
777.277 -0.0028
777.477 -0.002
777.677 -0.002
777.877 -0.002
778.077 -0.002
778.277 -0.002
778.477 -0.002
778.677 -0.0024
778.877 -0.0029
779.077 -0.002
779.277 -0.002
779.477 -0.002
779.677 -0.002
779.877 -0.002
780.077 -0.002
780.277 -0.002
780.477 -0.0021
780.677 -0.003
780.877 -0.0023
781.077 -0.002
781.277 -0.002
781.477 -0.002
781.677 -0.002
781.877 -0.002
782.077 -0.002
782.277 -0.002
782.477 -0.002
782.677 -0.002
782.877 -0.002
783.077 -0.002
783.277 -0.002
783.477 -0.002
783.677 -0.002
783.877 -0.002
784.077 -0.002
784.277 -0.002
784.477 -0.002
784.677 -0.002
784.877 -0.002
785.077 -0.002
785.277 -0.002
785.477 -0.002
785.677 -0.002
785.877 -0.002
786.077 -0.0029
786.277 -0.0025
786.477 -0.0021
786.677 -0.002
786.877 -0.002
787.077 -0.002
787.277 -0.002
787.477 -0.002
787.677 -0.002
787.877 -0.002
788.077 -0.002
788.277 -0.002
788.477 -0.002
788.677 -0.002
788.877 -0.002
789.077 -0.002
789.277 -0.002
789.477 -0.002
789.677 -0.0022
789.877 -0.0029
790.077 -0.0022
790.277 -0.0024
790.477 -0.0029
790.677 -0.002
790.877 -0.002
791.077 -0.002
791.277 -0.002
791.477 -0.002
791.677 -0.002
791.877 -0.002
792.077 -0.002
792.277 -0.002
792.477 -0.002
792.677 -0.002
792.877 -0.002
793.077 -0.002
793.277 -0.002
793.477 -0.002
793.677 -0.002
793.877 -0.002
794.077 -0.002
794.277 -0.002
794.477 -0.002
794.677 -0.002
794.877 -0.002
795.077 -0.002
795.277 -0.002
795.477 -0.002
795.677 -0.002
795.877 -0.0025
796.077 -0.0026
796.277 -0.0022
796.477 -0.002
796.677 -0.002
796.877 -0.002
797.077 -0.002
797.277 -0.002
797.477 -0.002
797.677 -0.002
797.877 -0.002
798.077 -0.002
798.277 -0.002
798.477 -0.002
798.677 -0.002
798.877 -0.002
799.077 -0.0025
799.277 -0.0025
799.477 -0.002
799.677 -0.002
799.877 -0.002
800.077 -0.002
800.277 -0.002
800.477 -0.002
800.677 -0.002
800.877 -0.002
801.077 -0.002
801.277 -0.002
801.477 -0.002
801.677 -0.002
801.877 -0.002
802.077 -0.002
802.277 -0.002
802.477 -0.002
802.677 -0.002
802.877 -0.002
803.077 -0.002
803.277 -0.002
803.477 -0.002
803.677 -0.002
803.877 -0.002
804.077 -0.002
804.277 -0.002
804.477 -0.002
804.677 -0.002
804.877 -0.002
805.077 -0.002
805.277 -0.002
805.477 -0.002
805.677 -0.003
805.877 -0.0028
806.077 -0.002
806.277 -0.002
806.477 -0.002
806.677 -0.002
806.877 -0.002
807.077 -0.002
807.277 -0.002
807.477 -0.002
807.677 -0.002
807.877 -0.002
808.077 -0.002
808.277 -0.002
808.477 -0.002
808.677 -0.002
808.877 -0.0025
809.077 -0.0028
809.277 -0.002
809.477 -0.002
809.677 -0.002
809.877 -0.002
810.077 -0.002
810.277 -0.002
810.477 -0.002
810.677 -0.002
810.877 -0.002
811.077 -0.002
811.277 -0.002
811.477 -0.002
811.677 -0.002
811.877 -0.002
812.077 -0.002
812.277 -0.002
812.477 -0.002
812.677 -0.002
812.877 -0.002
813.077 -0.002
813.277 -0.0022
813.477 -0.0026
813.677 -0.002
813.877 -0.002
814.077 -0.002
814.277 -0.002
814.477 -0.002
814.677 -0.002
814.877 -0.002
815.077 -0.002
815.277 -0.002
815.477 -0.002
815.677 -0.002
815.877 -0.002
816.077 -0.0025
816.277 -0.0028
816.477 -0.002
816.677 -0.002
816.877 -0.002
817.077 -0.002
817.277 -0.002
817.477 -0.002
817.677 -0.002
817.877 -0.002
818.077 -0.002
818.277 -0.002
818.477 -0.002
818.677 -0.0028
818.877 -0.0025
819.077 -0.002
819.277 -0.002
819.477 -0.002
819.677 -0.002
819.877 -0.002
820.077 -0.002
820.277 -0.002
820.477 -0.002
820.677 -0.002
820.877 -0.002
821.077 -0.002
821.277 -0.002
821.477 -0.002
821.677 -0.002
821.877 -0.002
822.077 -0.002
822.277 -0.002
822.477 -0.002
822.677 -0.002
822.877 -0.0024
823.077 -0.0029
