END	440	START	200	SCAN SPEED	120	RESPONSE	5	EMISSION0					TEMPERATURE	25									OPERATOR	GPS	REF NO	1	DATE TIME	11-03-2021 15:09:49	SAMPLE	FLU	198.988	-0.002
199.814	-0.002
200.123	-0.002
200.433	-0.002
200.742	-0.002
200.742	-0.002
201.155	-0.002
201.567	-0.002
201.670	-0.003
201.980	-0.002
202.289	-0.002
202.599	-0.002
202.805	-0.002
203.218	-0.002
203.424	-0.003
203.527	-0.002
203.837	-0.002
203.940	-0.002
204.352	-0.002
204.765	-0.002
205.074	-0.002
204.971	-0.002
205.281	-0.002
205.590	-0.002
205.796	-0.002
206.415	-0.002
206.725	-0.002
206.828	-0.002
207.447	-0.002
207.447	-0.002
207.756	-0.002
208.066	-0.002
208.375	-0.003
208.582	-0.002
208.891	-0.002
209.200	-0.002
209.510	-0.003
209.819	-0.002
209.923	-0.002
210.129	-0.002
210.541	-0.002
210.748	-0.002
211.057	-0.002
211.367	-0.003
211.573	-0.002
211.882	-0.002
211.882	-0.003
212.192	-0.002
212.501	-0.002
213.017	-0.002
213.017	-0.002
213.327	-0.002
213.636	-0.003
213.945	-0.002
214.049	-0.003
214.358	-0.003
214.668	-0.002
214.874	-0.002
215.183	-0.003
215.596	-0.002
215.596	-0.003
216.009	-0.002
216.215	-0.002
216.524	-0.002
216.627	-0.002
216.937	-0.002
217.246	-0.003
217.556	-0.002
217.762	-0.002
218.175	-0.002
218.381	-0.002
218.587	-0.002
218.690	-0.002
219.103	-0.003
219.309	-0.002
219.722	-0.002
219.825	-0.002
220.031	-0.002
220.341	-0.002
220.650	-0.002
220.754	-0.002
221.166	-0.002
221.372	-0.002
221.785	-0.002
221.785	-0.002
222.301	-0.002
222.404	-0.002
222.713	-0.002
223.023	-0.002
223.229	-0.002
223.642	-0.002
223.848	-0.002
224.158	-0.003
224.364	-0.002
224.570	-0.002
224.776	-0.002
224.880	-0.002
225.086	-0.002
225.705	-0.002
225.808	-0.002
226.014	-0.002
226.530	-0.002
226.736	-0.002
226.943	-0.002
227.149	-0.002
227.355	-0.003
227.665	-0.002
227.974	-0.003
228.284	-0.002
228.387	-0.002
228.799	-0.002
229.006	-0.002
229.212	-0.002
229.625	-0.002
229.934	-0.002
230.037	-0.003
230.244	-0.002
230.553	-0.002
230.862	-0.002
230.966	-0.002
231.378	-0.002
231.585	-0.002
231.688	-0.003
232.100	-0.002
232.410	-0.002
232.616	-0.002
232.926	-0.002
233.235	-0.002
233.544	-0.003
233.544	-0.003
233.854	-0.002
234.163	-0.002
234.576	-0.002
234.679	-0.002
235.092	-0.002
235.195	-0.003
235.401	-0.002
235.814	-0.002
236.123	-0.002
236.226	-0.002
236.433	-0.002
236.845	-0.002
236.948	-0.003
237.361	-0.002
237.567	-0.002
237.774	-0.002
238.186	-0.002
238.393	-0.002
238.393	-0.002
238.805	-0.003
239.218	-0.002
239.321	-0.003
239.527	-0.002
240.146	-0.002
240.249	-0.003
240.352	-0.002
240.662	-0.002
240.971	-0.002
241.178	-0.002
241.487	-0.002
241.900	-0.002
242.003	-0.002
242.312	-0.002
242.416	-0.002
242.828	-0.003
243.034	-0.002
243.653	-0.002
243.550	-0.002
243.756	-0.002
244.272	-0.002
244.375	-0.003
244.685	-0.002
244.994	-0.002
245.097	-0.002
245.510	-0.002
245.716	-0.002
246.026	-0.002
246.129	-0.002
246.542	-0.002
246.645	-0.002
246.954	-0.002
247.264	-0.002
247.573	-0.002
247.779	-0.002
247.986	-0.002
248.192	-0.003
248.605	-0.002
248.811	-0.003
249.017	-0.003
249.430	-0.002
249.636	-0.002
250.049	-0.002
250.255	-0.002
250.461	-0.002
250.771	-0.002
251.080	-0.002
251.183	-0.002
251.699	-0.002
251.699	-0.002
252.009	-0.002
252.215	-0.002
252.421	-0.002
252.834	-0.002
252.937	-0.002
253.247	-0.002
253.762	-0.002
253.762	-0.002
254.072	-0.003
254.278	-0.002
254.691	-0.002
254.897	-0.002
255.103	-0.002
255.206	-0.002
255.722	-0.002
255.928	-0.002
256.135	-0.002
256.341	-0.002
256.547	-0.002
256.857	-0.002
257.269	-0.003
257.373	-0.002
257.682	-0.003
257.888	-0.002
258.095	-0.002
258.404	-0.003
258.817	-0.002
258.817	-0.002
259.436	-0.002
259.539	-0.002
259.642	-0.002
259.951	-0.002
260.158	-0.002
260.364	-0.003
260.880	-0.002
261.086	-0.002
261.396	-0.003
261.602	-0.002
261.911	-0.002
262.118	-0.002
262.427	-0.002
262.633	-0.002
263.046	-0.002
263.046	-0.002
263.562	-0.002
263.665	-0.002
263.871	-0.002
263.974	-0.003
264.490	-0.002
264.696	-0.002
265.006	-0.002
265.212	-0.002
265.522	-0.003
265.831	-0.002
266.037	-0.002
266.141	-0.002
266.759	-0.002
266.863	-0.002
266.966	-0.002
267.378	-0.002
267.585	-0.002
267.791	-0.002
268.204	-0.002
268.410	-0.002
268.513	-0.002
268.719	-0.002
269.132	-0.002
269.338	-0.002
269.751	-0.003
269.854	-0.002
270.267	-0.002
270.267	-0.002
270.782	-0.002
270.782	-0.002
271.092	-0.002
271.298	-0.002
271.711	-0.003
271.814	-0.002
272.330	-0.003
272.433	-0.002
272.742	-0.002
272.845	-0.002
273.258	-0.002
273.464	-0.002
273.774	-0.003
273.877	-0.002
274.290	-0.002
274.496	-0.002
274.908	-0.002
275.012	-0.002
275.424	-0.003
275.527	-0.002
275.940	-0.003
276.249	-0.002
276.456	-0.002
276.559	-0.002
276.868	-0.002
277.075	-0.002
277.384	-0.002
277.590	-0.002
277.797	-0.002
278.313	-0.002
278.519	-0.002
278.725	-0.002
278.931	-0.002
279.241	-0.002
279.653	-0.002
279.653	-0.002
279.963	-0.002
280.066	-0.002
280.582	-0.002
280.891	-0.002
281.098	-0.002
281.201	-0.002
281.613	-0.002
281.923	-0.002
282.129	-0.002
282.439	-0.002
282.645	-0.002
282.851	-0.002
283.161	-0.002
283.367	-0.002
283.573	-0.002
283.780	-0.002
284.295	-0.002
284.398	-0.002
284.708	-0.002
284.811	-0.002
285.121	-0.002
285.327	-0.002
285.739	-0.002
286.049	-0.002
286.152	-0.001
286.668	-0.002
286.771	-0.001
287.080	-0.001
287.390	-0.001
287.493	-0.001
287.699	-0.001
288.112	-0.001
288.318	-0.001
288.421	-0.001
288.731	0.000
289.144	0.000
289.350	0.000
289.556	0.002
289.969	0.003
290.278	0.005
290.484	0.006
290.691	0.008
291.000	0.010
291.207	0.012
291.516	0.016
291.825	0.019
292.032	0.023
292.238	0.027
292.548	0.032
292.857	0.035
293.063	0.041
293.476	0.047
293.579	0.054
293.992	0.062
294.095	0.070
294.301	0.077
294.611	0.086
294.817	0.094
295.023	0.103
295.436	0.112
295.745	0.120
295.952	0.127
296.158	0.133
296.467	0.139
296.570	0.142
296.880	0.144
297.189	0.147
297.602	0.149
297.705	0.152
297.808	0.153
298.221	0.152
298.530	0.151
298.943	0.149
299.046	0.147
299.459	0.142
299.459	0.139
299.974	0.134
300.181	0.129
300.387	0.124
300.593	0.119
300.697	0.115
301.212	0.108
301.522	0.100
301.625	0.094
301.728	0.087
302.141	0.080
302.553	0.074
302.760	0.067
302.966	0.059
303.172	0.053
303.482	0.046
303.791	0.041
303.997	0.036
304.307	0.031
304.307	0.027
304.823	0.023
305.132	0.019
305.132	0.016
305.648	0.013
305.957	0.011
306.164	0.009
306.370	0.008
306.576	0.006
306.783	0.005
306.989	0.004
307.401	0.002
307.608	0.002
307.917	0.002
307.917	0.001
308.536	0.001
308.742	0.001
308.949	0.000
309.155	0.000
309.361	0.000
309.774	-0.001
309.980	-0.000
310.187	0.000
310.496	-0.000
310.805	-0.001
310.909	0.000
311.115	0.000
311.528	-0.000
311.631	-0.001
312.043	-0.001
312.043	-0.001
312.456	-0.001
312.972	-0.001
313.178	-0.001
313.384	-0.001
313.591	-0.001
313.694	-0.001
314.003	-0.001
314.519	-0.001
314.725	-0.001
314.932	-0.001
315.138	-0.001
315.447	-0.001
315.654	-0.001
316.066	-0.001
316.169	-0.001
316.376	-0.001
316.685	-0.001
316.995	-0.001
317.201	-0.001
317.510	-0.001
317.820	-0.001
318.129	-0.001
318.232	-0.001
318.748	-0.001
318.748	-0.001
319.058	-0.001
319.367	-0.001
319.573	-0.001
319.780	-0.001
320.192	-0.001
320.399	-0.002
320.605	-0.001
320.811	-0.002
321.018	-0.002
321.327	-0.002
321.740	-0.001
321.843	-0.001
322.152	-0.001
322.359	-0.001
322.771	-0.002
322.874	-0.001
323.081	-0.001
323.390	-0.001
323.700	-0.001
323.906	-0.001
324.525	-0.002
324.318	-0.001
324.834	-0.002
324.937	-0.001
325.144	-0.002
325.453	-0.001
325.556	-0.002
326.072	-0.002
326.381	-0.001
326.485	-0.001
326.897	-0.002
327.000	-0.001
327.310	-0.002
327.619	-0.002
328.032	-0.002
328.135	-0.001
328.445	-0.002
328.651	-0.002
328.651	-0.002
329.063	-0.002
329.373	-0.002
329.682	-0.002
329.889	-0.002
330.095	-0.002
330.611	-0.002
330.611	-0.002
330.817	-0.002
331.333	-0.002
331.436	-0.002
331.745	-0.003
331.849	-0.002
332.261	-0.002
332.571	-0.002
332.674	-0.002
333.086	-0.001
333.190	-0.001
333.499	-0.001
333.808	-0.002
334.015	-0.002
334.221	-0.002
334.531	-0.002
334.737	-0.002
334.943	-0.002
335.253	-0.002
335.459	-0.002
335.768	-0.002
335.975	-0.001
336.284	-0.001
336.697	-0.001
336.800	-0.001
337.316	-0.002
337.419	-0.002
337.728	-0.001
337.831	-0.002
338.244	-0.002
338.553	-0.001
338.657	-0.002
338.966	-0.002
339.172	-0.002
339.482	-0.002
339.791	-0.002
339.998	-0.002
340.410	-0.002
340.410	-0.002
340.720	-0.002
341.132	-0.002
341.132	-0.002
341.545	-0.002
341.957	-0.002
341.957	-0.002
342.370	-0.002
342.576	-0.002
342.886	-0.002
342.989	-0.002
343.505	-0.002
343.505	-0.002
344.021	-0.003
344.124	-0.002
344.433	-0.001
344.743	-0.002
345.052	-0.002
345.155	-0.002
345.465	-0.002
345.774	-0.002
346.084	-0.002
346.187	-0.002
346.496	-0.003
346.806	-0.002
347.115	-0.002
347.218	-0.002
347.631	-0.002
347.837	-0.002
348.147	-0.002
348.456	-0.002
348.662	-0.002
348.869	-0.002
349.178	-0.002
349.488	-0.002
349.694	-0.002
349.900	-0.002
350.210	-0.002
350.313	-0.002
350.622	-0.002
350.829	-0.002
351.241	-0.002
351.447	-0.002
351.757	-0.002
352.066	-0.002
352.273	-0.002
352.582	-0.002
352.788	-0.002
353.098	-0.001
353.304	-0.002
353.614	-0.002
353.820	-0.002
354.129	-0.002
354.439	-0.002
354.748	-0.002
354.955	-0.002
355.161	-0.002
355.470	-0.002
355.780	-0.002
355.883	-0.001
356.399	-0.002
356.502	-0.002
356.708	-0.002
356.915	-0.001
357.121	-0.001
357.430	-0.002
357.740	-0.002
358.049	-0.002
358.152	-0.002
358.462	-0.002
358.668	-0.002
358.978	-0.002
359.081	-0.001
359.597	-0.002
359.906	-0.002
360.112	-0.002
360.215	-0.002
360.628	-0.002
360.834	-0.002
360.937	-0.002
361.556	-0.002
361.556	-0.002
361.866	-0.002
362.175	-0.001
362.382	-0.001
362.588	-0.002
362.897	-0.002
363.207	-0.002
363.516	-0.001
363.619	-0.001
363.826	-0.001
364.135	-0.001
364.445	-0.001
364.651	-0.002
364.960	-0.002
365.476	-0.002
365.579	-0.002
365.682	-0.001
365.889	-0.002
366.301	-0.002
366.714	-0.001
366.714	-0.001
366.920	-0.001
367.333	-0.001
367.436	-0.001
367.849	-0.001
368.261	-0.002
368.261	-0.002
368.777	-0.001
368.777	-0.001
369.190	-0.001
369.293	-0.001
369.705	-0.002
369.809	-0.002
370.118	-0.002
370.531	-0.002
370.737	-0.002
370.943	-0.001
371.459	-0.001
371.665	-0.002
371.872	-0.001
371.975	-0.002
372.387	-0.002
372.800	-0.001
373.006	-0.001
373.316	-0.001
373.522	-0.001
373.832	-0.002
373.935	-0.001
374.554	-0.001
374.554	-0.001
374.966	-0.002
375.173	-0.002
375.276	-0.002
375.791	-0.001
375.998	-0.002
376.307	-0.002
376.513	-0.002
376.720	-0.002
377.029	-0.001
377.132	-0.002
377.545	-0.001
377.648	-0.002
377.958	-0.002
378.267	-0.002
378.577	-0.002
378.680	-0.002
378.989	-0.001
379.505	-0.001
379.711	-0.001
379.814	-0.001
380.124	-0.001
380.536	-0.002
380.743	-0.001
380.846	-0.001
381.155	-0.001
381.465	-0.002
381.671	-0.002
382.187	-0.002
382.187	-0.001
382.393	-0.001
382.703	-0.002
383.115	-0.002
383.218	-0.001
383.631	-0.002
383.734	-0.002
384.147	-0.002
384.353	-0.002
384.559	-0.001
384.869	-0.002
385.178	-0.002
385.385	-0.001
385.694	-0.002
385.900	-0.001
386.313	-0.001
386.416	-0.001
386.519	-0.002
386.932	-0.002
387.241	-0.001
387.448	-0.002
387.654	-0.002
387.860	-0.002
388.273	-0.001
388.376	-0.002
388.892	-0.001
388.892	-0.001
389.201	-0.001
389.511	-0.002
389.717	-0.002
390.026	-0.001
390.233	-0.001
390.542	-0.001
390.955	-0.001
390.955	-0.001
391.471	-0.001
391.574	-0.001
391.883	-0.001
391.986	-0.001
392.502	-0.001
392.605	-0.001
393.018	-0.001
393.224	-0.001
393.534	-0.001
393.843	-0.001
393.843	-0.001
394.256	-0.001
394.668	-0.001
394.668	-0.001
395.081	-0.001
395.081	-0.001
395.494	-0.001
395.803	-0.001
396.009	-0.001
396.112	-0.002
396.525	-0.001
396.834	-0.001
397.144	-0.001
397.350	-0.002
397.557	-0.001
397.763	-0.001
398.072	-0.001
398.175	-0.001
398.691	-0.001
398.794	-0.001
399.104	-0.001
399.310	-0.001
399.723	-0.001
399.929	-0.001
400.135	-0.001
400.342	-0.001
400.754	-0.001
400.857	-0.001
401.064	-0.001
401.476	-0.002
401.683	-0.002
401.889	-0.002
402.095	-0.001
402.302	-0.001
402.817	-0.001
402.920	-0.001
403.127	-0.001
403.539	-0.001
403.746	-0.001
403.952	-0.001
404.365	-0.001
404.571	-0.001
404.674	-0.001
404.984	-0.002
405.396	-0.001
405.499	-0.001
405.912	-0.001
406.324	-0.001
406.428	-0.001
406.737	-0.001
406.943	-0.001
407.253	-0.001
407.459	-0.001
407.665	-0.001
407.975	-0.001
407.975	-0.002
408.491	-0.001
408.800	-0.001
409.006	-0.001
409.213	-0.002
409.625	-0.001
409.935	-0.001
410.038	-0.001
410.451	-0.001
410.554	-0.001
410.863	-0.001
411.069	-0.001
411.173	-0.001
411.585	-0.001
411.895	-0.001
412.101	-0.001
412.307	-0.001
412.514	-0.001
412.823	-0.001
413.133	-0.001
413.339	-0.001
413.648	-0.001
413.855	-0.001
414.164	-0.001
414.474	-0.001
414.783	-0.001
414.989	-0.001
415.402	-0.001
415.505	-0.001
415.711	-0.001
416.021	-0.001
416.227	-0.001
416.640	-0.001
416.743	-0.001
417.052	-0.001
417.259	-0.001
417.568	-0.001
417.671	-0.001
418.084	-0.001
418.393	-0.001
418.703	-0.001
418.806	-0.001
419.219	-0.001
419.425	-0.001
419.528	-0.001
419.941	-0.001
420.353	-0.001
420.456	-0.001
420.766	-0.001
420.972	-0.001
421.178	-0.001
421.488	-0.001
421.900	-0.001
422.004	-0.001
422.313	-0.001
422.416	-0.001
422.726	-0.001
423.035	-0.001
423.035	-0.001
423.654	-0.001
423.757	-0.001
423.964	-0.001
424.479	-0.001
424.479	-0.001
424.995	-0.001
424.995	-0.001
425.408	-0.001
425.614	-0.002
425.923	-0.001
426.027	-0.001
426.336	-0.001
426.542	-0.001
426.955	-0.001
427.161	-0.001
427.368	-0.001
427.677	-0.001
428.090	-0.001
428.193	-0.001
428.399	-0.001
428.812	-0.001
429.018	-0.001
429.121	-0.001
429.224	-0.001
429.637	-0.001
429.946	-0.001
430.256	-0.001
430.359	-0.001
430.772	-0.001
431.081	-0.001
431.184	-0.001
431.494	-0.001
431.700	-0.001
432.009	-0.001
432.216	-0.001
432.422	-0.001
432.731	-0.001
433.144	-0.001
433.144	-0.001
433.454	-0.001
433.763	-0.001
433.969	-0.001
434.382	-0.001
434.485	-0.001
434.898	-0.001
435.001	-0.002
435.413	-0.001
435.826	-0.001
435.929	-0.001
436.136	-0.001
436.342	-0.001
436.651	-0.001
436.858	-0.001
437.373	-0.001
437.476	-0.001
437.786	-0.001
437.992	-0.001
438.302	-0.001
438.508	-0.001
438.714	-0.001
439.024	-0.001
439.127	-0.001
439.540	-0.001
439.746	-0.001
439.952	-0.001
440.365	-0.001
440.468	-0.001
440.984	-0.001
441.087	-0.001
441.396	-0.001
441.603	-0.001
441.912	-0.001
442.118	-0.001
442.428	-0.001
442.634	-0.001
443.047	-0.001
443.253	-0.001
443.459	-0.001
443.562	-0.001
443.872	-0.001
444.078	-0.001
444.491	-0.001
444.697	-0.001
445.007	-0.001
445.110	-0.001
445.522	-0.001
445.626	-0.002
446.141	-0.001
446.348	-0.001
446.657	-0.001
446.657	-0.001
447.070	-0.001
447.173	-0.001
447.689	-0.001
447.895	-0.001
448.204	-0.001
448.411	-0.001
448.720	-0.001
448.720	-0.001
449.030	-0.001
449.442	-0.001
449.442	-0.001
