200.014 -0.002
200.214 -0.002
200.414 -0.002
200.614 -0.002
200.814 -0.002
201.014 -0.002
201.214 -0.002
201.414 -0.002
201.614 -0.0025
201.814 -0.0025
202.014 -0.002
202.214 -0.002
202.414 -0.002
202.614 -0.002
202.814 -0.002
203.014 -0.002
203.214 -0.002
203.414 -0.003
203.614 -0.002
203.814 -0.002
204.014 -0.002
204.214 -0.002
204.414 -0.002
204.614 -0.002
204.814 -0.002
205.014 -0.002
205.214 -0.002
205.414 -0.002
205.614 -0.002
205.814 -0.002
206.014 -0.002
206.214 -0.002
206.414 -0.002
206.614 -0.002
206.814 -0.002
207.014 -0.002
207.214 -0.002
207.414 -0.002
207.614 -0.002
207.814 -0.002
208.014 -0.002
208.214 -0.0025
208.414 -0.0028
208.614 -0.002
208.814 -0.002
209.014 -0.002
209.214 -0.002
209.414 -0.0027
209.614 -0.0027
209.814 -0.002
210.014 -0.002
210.214 -0.002
210.414 -0.002
210.614 -0.002
210.814 -0.002
211.014 -0.002
211.214 -0.0025
211.414 -0.0028
211.614 -0.002
211.814 -0.002
212.014 -0.0026
212.214 -0.002
212.414 -0.002
212.614 -0.002
212.814 -0.002
213.014 -0.002
213.214 -0.002
213.414 -0.0023
213.614 -0.0029
213.814 -0.0024
214.014 -0.0027
214.214 -0.003
214.414 -0.0028
214.614 -0.0022
214.814 -0.002
215.014 -0.0025
215.214 -0.0029
215.414 -0.0024
215.614 -0.003
215.814 -0.0025
216.014 -0.002
216.214 -0.002
216.414 -0.002
216.614 -0.002
216.814 -0.002
217.014 -0.0022
217.214 -0.0029
217.414 -0.0025
217.614 -0.002
217.814 -0.002
218.014 -0.002
218.214 -0.002
218.414 -0.002
218.614 -0.002
218.814 -0.0023
219.014 -0.0028
219.214 -0.0025
219.414 -0.002
219.614 -0.002
219.814 -0.002
220.014 -0.002
220.214 -0.002
220.414 -0.002
220.614 -0.002
220.814 -0.002
221.014 -0.002
221.214 -0.002
221.414 -0.002
221.614 -0.002
221.814 -0.002
222.014 -0.002
222.214 -0.002
222.414 -0.002
222.614 -0.002
222.814 -0.002
223.014 -0.002
223.214 -0.002
223.414 -0.002
223.614 -0.002
223.814 -0.002
224.014 -0.0025
224.214 -0.0027
224.414 -0.002
224.614 -0.002
224.814 -0.002
225.014 -0.002
225.214 -0.002
225.414 -0.002
225.614 -0.002
225.814 -0.002
226.014 -0.002
226.214 -0.002
226.414 -0.002
226.614 -0.002
226.814 -0.002
227.014 -0.002
227.214 -0.0023
227.414 -0.0028
227.614 -0.0022
227.814 -0.0025
228.014 -0.0029
228.214 -0.0022
228.414 -0.002
228.614 -0.002
228.814 -0.002
229.014 -0.002
229.214 -0.002
229.414 -0.002
229.614 -0.002
229.814 -0.002
230.014 -0.0028
230.214 -0.0021
230.414 -0.002
230.614 -0.002
230.814 -0.002
231.014 -0.002
231.214 -0.002
231.414 -0.002
231.614 -0.0023
231.814 -0.0027
232.014 -0.0022
232.214 -0.002
232.414 -0.002
232.614 -0.002
232.814 -0.002
233.014 -0.002
233.214 -0.002
233.414 -0.0026
233.614 -0.0028
233.814 -0.0021
234.014 -0.002
234.214 -0.002
234.414 -0.002
234.614 -0.002
234.814 -0.002
235.014 -0.002
235.214 -0.0029
235.414 -0.002
235.614 -0.002
235.814 -0.002
236.014 -0.002
236.214 -0.002
236.414 -0.002
236.614 -0.002
236.814 -0.002
237.014 -0.0028
237.214 -0.0024
237.414 -0.002
237.614 -0.002
237.814 -0.002
238.014 -0.002
238.214 -0.002
238.414 -0.0021
238.614 -0.0025
238.814 -0.003
239.014 -0.0025
239.214 -0.002
239.414 -0.0025
239.614 -0.002
239.814 -0.002
240.014 -0.002
240.214 -0.0027
240.414 -0.002
240.614 -0.002
240.814 -0.002
241.014 -0.002
241.214 -0.002
241.414 -0.002
241.614 -0.002
241.814 -0.002
242.014 -0.002
242.214 -0.002
242.414 -0.002
242.614 -0.0025
242.814 -0.003
243.014 -0.0021
243.214 -0.002
243.414 -0.002
243.614 -0.002
243.814 -0.002
244.014 -0.002
244.214 -0.002
244.414 -0.0029
244.614 -0.0022
244.814 -0.002
245.014 -0.002
245.214 -0.002
245.414 -0.002
245.614 -0.002
245.814 -0.002
246.014 -0.002
246.214 -0.002
246.414 -0.002
246.614 -0.002
246.814 -0.002
247.014 -0.002
247.214 -0.002
247.414 -0.002
247.614 -0.002
247.814 -0.002
248.014 -0.0021
248.214 -0.0029
248.414 -0.0025
248.614 -0.002
248.814 -0.003
249.014 -0.003
249.214 -0.0025
249.414 -0.002
249.614 -0.002
249.814 -0.002
250.014 -0.002
250.214 -0.002
250.414 -0.002
250.614 -0.002
250.814 -0.002
251.014 -0.002
251.214 -0.002
251.414 -0.002
251.614 -0.002
251.814 -0.002
252.014 -0.002
252.214 -0.002
252.414 -0.002
252.614 -0.002
252.814 -0.002
253.014 -0.002
253.214 -0.002
253.414 -0.002
253.614 -0.002
253.814 -0.0022
254.014 -0.0028
254.214 -0.0023
254.414 -0.002
254.614 -0.002
254.814 -0.002
255.014 -0.002
255.214 -0.002
255.414 -0.002
255.614 -0.002
255.814 -0.002
256.014 -0.002
256.214 -0.002
256.414 -0.002
256.614 -0.002
256.814 -0.002
257.014 -0.0024
257.214 -0.0029
257.414 -0.0021
257.614 -0.0028
257.814 -0.0024
258.014 -0.002
258.214 -0.0024
258.414 -0.003
258.614 -0.0025
258.814 -0.002
259.014 -0.002
259.214 -0.002
259.414 -0.002
259.614 -0.002
259.814 -0.002
260.014 -0.002
260.214 -0.0023
260.414 -0.0029
260.614 -0.0025
260.814 -0.0021
261.014 -0.002
261.214 -0.0024
261.414 -0.0029
261.614 -0.002
261.814 -0.002
262.014 -0.002
262.214 -0.002
262.414 -0.002
262.614 -0.002
262.814 -0.002
263.014 -0.002
263.214 -0.002
263.414 -0.002
263.614 -0.002
263.814 -0.002
264.014 -0.0029
264.214 -0.0025
264.414 -0.0021
264.614 -0.002
264.814 -0.002
265.014 -0.002
265.214 -0.002
265.414 -0.0027
265.614 -0.0027
265.814 -0.0021
266.014 -0.002
266.214 -0.002
266.414 -0.002
266.614 -0.002
266.814 -0.002
267.014 -0.002
267.214 -0.002
267.414 -0.002
267.614 -0.002
267.814 -0.002
268.014 -0.002
268.214 -0.002
268.414 -0.002
268.614 -0.002
268.814 -0.002
269.014 -0.002
269.214 -0.002
269.414 -0.0022
269.614 -0.0027
269.814 -0.0024
270.014 -0.002
270.214 -0.002
270.414 -0.002
270.614 -0.002
270.814 -0.002
271.014 -0.002
271.214 -0.002
271.414 -0.0023
271.614 -0.0028
271.814 -0.002
272.014 -0.0024
272.214 -0.0028
272.414 -0.0022
272.614 -0.002
272.814 -0.002
273.014 -0.002
273.214 -0.002
273.414 -0.002
273.614 -0.0025
273.814 -0.0026
274.014 -0.002
274.214 -0.002
274.414 -0.002
274.614 -0.002
274.814 -0.002
275.014 -0.002
275.214 -0.0025
275.414 -0.003
275.614 -0.0022
275.814 -0.0027
276.014 -0.0028
276.214 -0.0021
276.414 -0.002
276.614 -0.002
276.814 -0.002
277.014 -0.002
277.214 -0.002
277.414 -0.002
277.614 -0.002
277.814 -0.002
278.014 -0.002
278.214 -0.002
278.414 -0.002
278.614 -0.002
278.814 -0.002
279.014 -0.002
279.214 -0.002
279.414 -0.002
279.614 -0.002
279.814 -0.002
280.014 -0.002
280.214 -0.002
280.414 -0.002
280.614 -0.002
280.814 -0.002
281.014 -0.002
281.214 -0.002
281.414 -0.002
281.614 -0.002
281.814 -0.002
282.014 -0.002
282.214 -0.002
282.414 -0.002
282.614 -0.002
282.814 -0.002
283.014 -0.002
283.214 -0.002
283.414 -0.002
283.614 -0.002
283.814 -0.002
284.014 -0.002
284.214 -0.002
284.414 -0.002
284.614 -0.002
284.814 -0.002
285.014 -0.002
285.214 -0.002
285.414 -0.002
285.614 -0.002
285.814 -0.002
286.014 -0.002
286.214 -0.0011
286.414 -0.0015
286.614 -0.0019
286.814 -0.001
287.014 -0.001
287.214 -0.001
287.414 -0.001
287.614 -0.001
287.814 -0.001
288.014 -0.001
288.214 -0.001
288.414 -0.001
288.614 -0.0004
288.814 0.0
289.014 0.0
289.214 0.0
289.414 0.0006
289.614 0.0021
289.814 0.0026
290.014 0.0033
290.214 0.0046
290.414 0.0057
290.614 0.0073
290.814 0.0088
291.014 0.0101
291.214 0.0121
291.414 0.0147
291.614 0.017
291.814 0.0189
292.014 0.0227
292.214 0.0265
292.414 0.0298
292.614 0.0326
292.814 0.0346
293.014 0.0396
293.214 0.0432
293.414 0.0461
293.614 0.0547
293.814 0.0586
294.014 0.0637
294.214 0.074
294.414 0.0803
294.614 0.0861
294.814 0.0939
295.014 0.1026
295.214 0.1072
295.414 0.1115
295.614 0.1166
295.814 0.1223
296.014 0.1288
296.214 0.1341
296.414 0.138
296.614 0.1423
296.814 0.1436
297.014 0.1453
297.214 0.1471
297.414 0.1481
297.614 0.1493
297.814 0.153
298.014 0.1525
298.214 0.152
298.414 0.1514
298.614 0.1506
298.814 0.1496
299.014 0.1476
299.214 0.145
299.414 0.1425
299.614 0.1375
299.814 0.1356
300.014 0.133
300.214 0.1282
300.414 0.1233
300.614 0.1182
300.814 0.1134
301.014 0.1107
301.214 0.1079
301.414 0.1028
301.614 0.0946
301.814 0.0855
302.014 0.0822
302.214 0.0789
302.414 0.076
302.614 0.0719
302.814 0.0649
303.014 0.0576
303.214 0.0521
303.414 0.0475
303.614 0.0439
303.814 0.0404
304.014 0.0357
304.214 0.0325
304.414 0.0262
304.614 0.0246
304.814 0.0231
305.014 0.0205
305.214 0.0155
305.414 0.0144
305.614 0.0132
305.814 0.0119
306.014 0.0104
306.214 0.0088
306.414 0.0076
306.614 0.0058
306.814 0.0048
307.014 0.0039
307.214 0.0029
307.414 0.002
307.614 0.002
307.814 0.002
308.014 0.001
308.214 0.001
308.414 0.001
308.614 0.001
308.814 0.0007
309.014 0.0
309.214 0.0
309.414 -0.0001
309.614 -0.0006
309.814 -0.0008
310.014 0.0
310.214 0.0
310.414 0.0
310.614 -0.0004
310.814 -0.0009
311.014 0.0
311.214 0.0
311.414 0.0
311.614 -0.0008
311.814 -0.001
312.014 -0.001
312.214 -0.001
312.414 -0.001
312.614 -0.001
312.814 -0.001
313.014 -0.001
313.214 -0.001
313.414 -0.001
313.614 -0.001
313.814 -0.001
314.014 -0.001
314.214 -0.001
314.414 -0.001
314.614 -0.001
314.814 -0.001
315.014 -0.001
315.214 -0.001
315.414 -0.001
315.614 -0.001
315.814 -0.001
316.014 -0.001
316.214 -0.001
316.414 -0.001
316.614 -0.001
316.814 -0.001
317.014 -0.001
317.214 -0.001
317.414 -0.001
317.614 -0.001
317.814 -0.001
318.014 -0.001
318.214 -0.001
318.414 -0.001
318.614 -0.001
318.814 -0.001
319.014 -0.001
319.214 -0.001
319.414 -0.001
319.614 -0.001
319.814 -0.001
320.014 -0.001
320.214 -0.0011
320.414 -0.0019
320.614 -0.001
320.814 -0.002
321.014 -0.002
321.214 -0.002
321.414 -0.0018
321.614 -0.0013
321.814 -0.001
322.014 -0.001
322.214 -0.001
322.414 -0.0011
322.614 -0.0016
322.814 -0.0016
323.014 -0.001
323.214 -0.001
323.414 -0.001
323.614 -0.001
323.814 -0.001
324.014 -0.0012
324.214 -0.0015
324.414 -0.0018
324.614 -0.0016
324.814 -0.002
325.014 -0.0014
325.214 -0.0018
325.414 -0.0011
325.614 -0.002
325.814 -0.002
326.014 -0.002
326.214 -0.0015
326.414 -0.001
326.614 -0.0013
326.814 -0.0018
327.014 -0.001
327.214 -0.0017
327.414 -0.002
327.614 -0.002
327.814 -0.002
328.014 -0.002
328.214 -0.0013
328.414 -0.0019
328.614 -0.002
328.814 -0.002
329.014 -0.002
329.214 -0.002
329.414 -0.002
329.614 -0.002
329.814 -0.002
330.014 -0.002
330.214 -0.002
330.414 -0.002
330.614 -0.002
330.814 -0.002
331.014 -0.002
331.214 -0.002
331.414 -0.002
331.614 -0.0026
331.814 -0.0023
332.014 -0.002
332.214 -0.002
332.414 -0.002
332.614 -0.002
332.814 -0.0017
333.014 -0.0012
333.214 -0.001
333.414 -0.001
333.614 -0.0014
333.814 -0.002
334.014 -0.002
334.214 -0.002
334.414 -0.002
334.614 -0.002
334.814 -0.002
335.014 -0.002
335.214 -0.002
335.414 -0.002
335.614 -0.002
335.814 -0.0018
336.014 -0.001
336.214 -0.001
336.414 -0.001
336.614 -0.001
336.814 -0.001
337.014 -0.0014
337.214 -0.0018
337.414 -0.002
337.614 -0.0014
337.814 -0.0018
338.014 -0.002
338.214 -0.002
338.414 -0.0014
338.614 -0.0016
338.814 -0.002
339.014 -0.002
339.214 -0.002
339.414 -0.002
339.614 -0.002
339.814 -0.002
340.014 -0.002
340.214 -0.002
340.414 -0.002
340.614 -0.002
340.814 -0.002
341.014 -0.002
341.214 -0.002
341.414 -0.002
341.614 -0.002
341.814 -0.002
342.014 -0.002
342.214 -0.002
342.414 -0.002
342.614 -0.002
342.814 -0.002
343.014 -0.002
343.214 -0.002
343.414 -0.002
343.614 -0.0022
343.814 -0.0026
344.014 -0.003
344.214 -0.0017
344.414 -0.0011
344.614 -0.0016
344.814 -0.002
345.014 -0.002
345.214 -0.002
345.414 -0.002
345.614 -0.002
345.814 -0.002
346.014 -0.002
346.214 -0.0021
346.414 -0.0027
346.614 -0.0026
346.814 -0.002
347.014 -0.002
347.214 -0.002
347.414 -0.002
347.614 -0.002
347.814 -0.002
348.014 -0.002
348.214 -0.002
348.414 -0.002
348.614 -0.002
348.814 -0.002
349.014 -0.002
349.214 -0.002
349.414 -0.002
349.614 -0.002
349.814 -0.002
350.014 -0.002
350.214 -0.002
350.414 -0.002
350.614 -0.002
350.814 -0.002
351.014 -0.002
351.214 -0.002
351.414 -0.002
351.614 -0.002
351.814 -0.002
352.014 -0.002
352.214 -0.002
352.414 -0.002
352.614 -0.002
352.814 -0.0019
353.014 -0.0013
353.214 -0.0016
353.414 -0.002
353.614 -0.002
353.814 -0.002
354.014 -0.002
354.214 -0.002
354.414 -0.002
354.614 -0.002
354.814 -0.002
355.014 -0.002
355.214 -0.002
355.414 -0.002
355.614 -0.002
355.814 -0.0017
356.014 -0.0013
356.214 -0.0016
356.414 -0.002
356.614 -0.002
356.814 -0.0015
357.014 -0.001
357.214 -0.0013
357.414 -0.0019
357.614 -0.002
357.814 -0.002
358.014 -0.002
358.214 -0.002
358.414 -0.002
358.614 -0.002
358.814 -0.002
359.014 -0.0017
359.214 -0.0013
359.414 -0.0016
359.614 -0.002
359.814 -0.002
360.014 -0.002
360.214 -0.002
360.414 -0.002
360.614 -0.002
360.814 -0.002
361.014 -0.002
361.214 -0.002
361.414 -0.002
361.614 -0.002
361.814 -0.002
362.014 -0.0015
362.214 -0.001
362.414 -0.0012
362.614 -0.002
362.814 -0.002
363.014 -0.002
363.214 -0.002
363.414 -0.0013
363.614 -0.001
363.814 -0.001
364.014 -0.001
364.214 -0.001
364.414 -0.001
364.614 -0.0018
364.814 -0.002
365.014 -0.002
365.214 -0.002
365.414 -0.002
365.614 -0.0017
365.814 -0.0016
366.014 -0.002
366.214 -0.002
366.414 -0.0017
366.614 -0.0012
366.814 -0.001
367.014 -0.001
367.214 -0.001
367.414 -0.001
367.614 -0.001
367.814 -0.001
368.014 -0.0014
368.214 -0.0019
368.414 -0.0017
368.614 -0.0013
368.814 -0.001
369.014 -0.001
369.214 -0.001
369.414 -0.0013
369.614 -0.0018
369.814 -0.002
370.014 -0.002
370.214 -0.002
370.414 -0.002
370.614 -0.002
370.814 -0.0016
371.014 -0.001
371.214 -0.001
371.414 -0.001
371.614 -0.0018
371.814 -0.0013
372.014 -0.002
372.214 -0.002
372.414 -0.0019
372.614 -0.0015
372.814 -0.001
373.014 -0.001
373.214 -0.001
373.414 -0.001
373.614 -0.0013
373.814 -0.0019
374.014 -0.001
374.214 -0.001
374.414 -0.001
374.614 -0.0011
374.814 -0.0016
375.014 -0.002
375.214 -0.002
375.414 -0.0017
375.614 -0.0013
375.814 -0.0011
376.014 -0.002
376.214 -0.002
376.414 -0.002
376.614 -0.002
376.814 -0.0017
377.014 -0.001
377.214 -0.0018
377.414 -0.0013
377.614 -0.0017
377.814 -0.002
378.014 -0.002
378.214 -0.002
378.414 -0.002
378.614 -0.002
378.814 -0.0016
379.014 -0.001
379.214 -0.001
379.414 -0.001
379.614 -0.001
379.814 -0.001
380.014 -0.001
380.214 -0.0012
380.414 -0.0017
380.614 -0.0016
380.814 -0.001
381.014 -0.001
381.214 -0.0012
381.414 -0.0018
381.614 -0.002
381.814 -0.002
382.014 -0.002
382.214 -0.001
382.414 -0.0011
382.614 -0.0017
382.814 -0.002
383.014 -0.002
383.214 -0.001
383.414 -0.0015
383.614 -0.002
383.814 -0.002
384.014 -0.002
384.214 -0.002
384.414 -0.0017
384.614 -0.0012
384.814 -0.0018
385.014 -0.002
385.214 -0.0018
385.414 -0.0011
385.614 -0.0017
385.814 -0.0014
386.014 -0.001
386.214 -0.001
386.414 -0.001
386.614 -0.002
386.814 -0.002
387.014 -0.0017
387.214 -0.0011
387.414 -0.0018
387.614 -0.002
387.814 -0.002
388.014 -0.0016
388.214 -0.0011
388.414 -0.0019
388.614 -0.0015
388.814 -0.0012
389.014 -0.001
389.214 -0.001
389.414 -0.0017
389.614 -0.002
389.814 -0.0017
390.014 -0.001
390.214 -0.001
390.414 -0.001
390.614 -0.001
390.814 -0.001
391.014 -0.001
391.214 -0.001
391.414 -0.001
391.614 -0.001
391.814 -0.001
392.014 -0.001
392.214 -0.001
392.414 -0.001
392.614 -0.001
392.814 -0.001
393.014 -0.001
393.214 -0.001
393.414 -0.001
393.614 -0.001
393.814 -0.001
394.014 -0.001
394.214 -0.001
394.414 -0.001
394.614 -0.001
394.814 -0.001
395.014 -0.001
395.214 -0.001
395.414 -0.001
395.614 -0.001
395.814 -0.001
396.014 -0.001
396.214 -0.0018
396.414 -0.0013
396.614 -0.001
396.814 -0.001
397.014 -0.001
397.214 -0.0013
397.414 -0.0017
397.614 -0.001
397.814 -0.001
398.014 -0.001
398.214 -0.001
398.414 -0.001
398.614 -0.001
398.814 -0.001
399.014 -0.001
399.214 -0.001
399.414 -0.001
399.614 -0.001
399.814 -0.001
400.014 -0.001
400.214 -0.001
400.414 -0.001
400.614 -0.001
400.814 -0.001
401.014 -0.001
401.214 -0.0014
401.414 -0.0018
401.614 -0.002
401.814 -0.002
402.014 -0.0014
402.214 -0.001
402.414 -0.001
402.614 -0.001
402.814 -0.001
403.014 -0.001
403.214 -0.001
403.414 -0.001
403.614 -0.001
403.814 -0.001
404.014 -0.001
404.214 -0.001
404.414 -0.001
404.614 -0.001
404.814 -0.0015
405.014 -0.0019
405.214 -0.0014
405.414 -0.001
405.614 -0.001
405.814 -0.001
406.014 -0.001
406.214 -0.001
406.414 -0.001
406.614 -0.001
406.814 -0.001
407.014 -0.001
407.214 -0.001
407.414 -0.001
407.614 -0.001
407.814 -0.001
408.014 -0.0019
408.214 -0.0015
408.414 -0.0011
408.614 -0.001
408.814 -0.001
409.014 -0.001
409.214 -0.002
409.414 -0.0015
409.614 -0.001
409.814 -0.001
410.014 -0.001
410.214 -0.001
410.414 -0.001
410.614 -0.001
410.814 -0.001
411.014 -0.001
411.214 -0.001
411.414 -0.001
411.614 -0.001
411.814 -0.001
412.014 -0.001
412.214 -0.001
412.414 -0.001
412.614 -0.001
412.814 -0.001
413.014 -0.001
413.214 -0.001
413.414 -0.001
413.614 -0.001
413.814 -0.001
414.014 -0.001
414.214 -0.001
414.414 -0.001
414.614 -0.001
414.814 -0.001
415.014 -0.001
415.214 -0.001
415.414 -0.001
415.614 -0.001
415.814 -0.001
416.014 -0.001
416.214 -0.001
416.414 -0.001
416.614 -0.001
416.814 -0.001
417.014 -0.001
417.214 -0.001
417.414 -0.001
417.614 -0.001
417.814 -0.001
418.014 -0.001
418.214 -0.001
418.414 -0.001
418.614 -0.001
418.814 -0.001
419.014 -0.001
419.214 -0.001
419.414 -0.001
419.614 -0.001
419.814 -0.001
420.014 -0.001
420.214 -0.001
420.414 -0.001
420.614 -0.001
420.814 -0.001
421.014 -0.001
421.214 -0.001
421.414 -0.001
421.614 -0.001
421.814 -0.001
422.014 -0.001
422.214 -0.001
422.414 -0.001
422.614 -0.001
422.814 -0.001
423.014 -0.001
423.214 -0.001
423.414 -0.001
423.614 -0.001
423.814 -0.001
424.014 -0.001
424.214 -0.001
424.414 -0.001
424.614 -0.001
424.814 -0.001
425.014 -0.001
425.214 -0.001
425.414 -0.001
425.614 -0.002
425.814 -0.0014
426.014 -0.001
426.214 -0.001
426.414 -0.001
426.614 -0.001
426.814 -0.001
427.014 -0.001
427.214 -0.001
427.414 -0.001
427.614 -0.001
427.814 -0.001
428.014 -0.001
428.214 -0.001
428.414 -0.001
428.614 -0.001
428.814 -0.001
429.014 -0.001
429.214 -0.001
429.414 -0.001
429.614 -0.001
429.814 -0.001
430.014 -0.001
430.214 -0.001
430.414 -0.001
430.614 -0.001
430.814 -0.001
431.014 -0.001
431.214 -0.001
431.414 -0.001
431.614 -0.001
431.814 -0.001
432.014 -0.001
432.214 -0.001
432.414 -0.001
432.614 -0.001
432.814 -0.001
433.014 -0.001
433.214 -0.001
433.414 -0.001
433.614 -0.001
433.814 -0.001
434.014 -0.001
434.214 -0.001
434.414 -0.001
434.614 -0.001
434.814 -0.001
435.014 -0.002
435.214 -0.0015
435.414 -0.001
435.614 -0.001
435.814 -0.001
436.014 -0.001
436.214 -0.001
436.414 -0.001
436.614 -0.001
436.814 -0.001
437.014 -0.001
437.214 -0.001
437.414 -0.001
437.614 -0.001
437.814 -0.001
438.014 -0.001
438.214 -0.001
438.414 -0.001
438.614 -0.001
438.814 -0.001
439.014 -0.001
439.214 -0.001
439.414 -0.001
439.614 -0.001
439.814 -0.001
440.014 -0.001
440.214 -0.001
440.414 -0.001
440.614 -0.001
440.814 -0.001
441.014 -0.001
441.214 -0.001
441.414 -0.001
441.614 -0.001
441.814 -0.001
442.014 -0.001
442.214 -0.001
442.414 -0.001
442.614 -0.001
442.814 -0.001
443.014 -0.001
443.214 -0.001
443.414 -0.001
443.614 -0.001
443.814 -0.001
444.014 -0.001
444.214 -0.001
444.414 -0.001
444.614 -0.001
444.814 -0.001
445.014 -0.001
445.214 -0.001
445.414 -0.001
445.614 -0.0019
445.814 -0.0016
446.014 -0.0012
446.214 -0.001
446.414 -0.001
446.614 -0.001
446.814 -0.001
447.014 -0.001
447.214 -0.001
447.414 -0.001
447.614 -0.001
447.814 -0.001
448.014 -0.001
448.214 -0.001
448.414 -0.001
448.614 -0.001
448.814 -0.001
449.014 -0.001
449.214 -0.001
449.414 -0.001
