420.76 0.004
420.96 0.004
421.15999999999997 0.004
421.35999999999996 0.0032
421.55999999999995 0.0034
421.75999999999993 0.0039
421.9599999999999 0.004
422.1599999999999 0.004
422.3599999999999 0.004
422.5599999999999 0.0031
422.7599999999999 0.0038
422.95999999999987 0.004
423.15999999999985 0.004
423.35999999999984 0.0036
423.55999999999983 0.003
423.7599999999998 0.004
423.9599999999998 0.004
424.1599999999998 0.004
424.3599999999998 0.004
424.5599999999998 0.0043
424.75999999999976 0.0049
424.95999999999975 0.004
425.15999999999974 0.004
425.35999999999973 0.0048
425.5599999999997 0.005
425.7599999999997 0.005
425.9599999999997 0.005
426.1599999999997 0.005
426.3599999999997 0.0048
426.55999999999966 0.004
426.75999999999965 0.004
426.95999999999964 0.005
427.1599999999996 0.0048
427.3599999999996 0.0043
427.5599999999996 0.004
427.7599999999996 0.004
427.9599999999996 0.004
428.15999999999957 0.004
428.35999999999956 0.004
428.55999999999955 0.004
428.75999999999954 0.004
428.9599999999995 0.004
429.1599999999995 0.0041
429.3599999999995 0.0045
429.5599999999995 0.0049
429.7599999999995 0.005
429.95999999999947 0.005
430.15999999999946 0.0045
430.35999999999945 0.004
430.55999999999943 0.0047
430.7599999999994 0.005
430.9599999999994 0.005
431.1599999999994 0.005
431.3599999999994 0.005
431.5599999999994 0.005
431.75999999999937 0.005
431.95999999999935 0.005
432.15999999999934 0.005
432.35999999999933 0.005
432.5599999999993 0.005
432.7599999999993 0.005
432.9599999999993 0.005
433.1599999999993 0.005
433.3599999999993 0.005
433.55999999999926 0.005
433.75999999999925 0.0054
433.95999999999924 0.0058
434.15999999999923 0.0054
434.3599999999992 0.0058
434.5599999999992 0.0056
434.7599999999992 0.005
434.9599999999992 0.005
435.1599999999992 0.005
435.35999999999916 0.0051
435.55999999999915 0.0055
435.75999999999914 0.0059
435.9599999999991 0.0051
436.1599999999991 0.0057
436.3599999999991 0.0054
436.5599999999991 0.005
436.7599999999991 0.005
436.95999999999907 0.005
437.15999999999906 0.005
437.35999999999905 0.005
437.55999999999904 0.005
437.759999999999 0.005
437.959999999999 0.005
438.159999999999 0.005
438.359999999999 0.005
438.559999999999 0.0057
438.75999999999897 0.0051
438.95999999999896 0.0058
439.15999999999894 0.006
439.35999999999893 0.006
439.5599999999989 0.0054
439.7599999999989 0.005
439.9599999999989 0.005
440.1599999999989 0.005
440.3599999999989 0.005
440.55999999999887 0.005
440.75999999999885 0.005
440.95999999999884 0.005
441.15999999999883 0.005
441.3599999999988 0.005
441.5599999999988 0.005
441.7599999999988 0.005
441.9599999999988 0.005
442.1599999999988 0.0051
442.35999999999876 0.0056
442.55999999999875 0.006
442.75999999999874 0.0059
442.95999999999873 0.0053
443.1599999999987 0.0055
443.3599999999987 0.0055
443.5599999999987 0.005
443.7599999999987 0.005
443.9599999999987 0.0053
444.15999999999866 0.0059
444.35999999999865 0.0056
444.55999999999864 0.0051
444.7599999999986 0.005
444.9599999999986 0.0053
445.1599999999986 0.006
445.3599999999986 0.0056
445.5599999999986 0.0052
445.75999999999857 0.0057
445.95999999999856 0.0056
446.15999999999855 0.005
446.35999999999854 0.005
446.5599999999985 0.005
446.7599999999985 0.005
446.9599999999985 0.005
447.1599999999985 0.005
447.3599999999985 0.005
447.55999999999847 0.005
447.75999999999846 0.005
447.95999999999844 0.005
448.15999999999843 0.005
448.3599999999984 0.005
448.5599999999984 0.0054
448.7599999999984 0.006
448.9599999999984 0.006
449.1599999999984 0.006
449.35999999999837 0.0056
449.55999999999835 0.005
449.75999999999834 0.005
449.95999999999833 0.005
450.1599999999983 0.0055
450.3599999999983 0.0056
450.5599999999983 0.0052
450.7599999999983 0.0057
450.9599999999983 0.0052
451.15999999999826 0.0057
451.35999999999825 0.006
451.55999999999824 0.0056
451.75999999999823 0.0051
451.9599999999982 0.0055
452.1599999999982 0.0059
452.3599999999982 0.0052
452.5599999999982 0.005
452.7599999999982 0.005
452.95999999999816 0.006
453.15999999999815 0.0055
453.35999999999814 0.005
453.5599999999981 0.005
453.7599999999981 0.005
453.9599999999981 0.006
454.1599999999981 0.0056
454.3599999999981 0.005
454.55999999999807 0.005
454.75999999999806 0.005
454.95999999999805 0.0048
455.15999999999804 0.004
455.359999999998 0.004
455.559999999998 0.0041
455.759999999998 0.0047
455.959999999998 0.005
456.159999999998 0.005
456.35999999999797 0.005
456.55999999999796 0.005
456.75999999999794 0.005
456.95999999999793 0.005
457.1599999999979 0.005
457.3599999999979 0.005
457.5599999999979 0.005
457.7599999999979 0.005
457.9599999999979 0.005
458.15999999999786 0.005
458.35999999999785 0.005
458.55999999999784 0.005
458.75999999999783 0.0049
458.9599999999978 0.0042
459.1599999999978 0.005
459.3599999999978 0.005
459.5599999999978 0.005
459.7599999999978 0.005
459.95999999999776 0.005
460.15999999999775 0.005
460.35999999999774 0.005
460.55999999999773 0.0046
460.7599999999977 0.0041
460.9599999999977 0.0046
461.1599999999977 0.0047
461.3599999999977 0.004
461.5599999999977 0.004
461.75999999999766 0.0045
461.95999999999765 0.0042
462.15999999999764 0.0049
462.3599999999976 0.0046
462.5599999999976 0.0042
462.7599999999976 0.004
462.9599999999976 0.0043
463.1599999999976 0.005
463.35999999999757 0.0043
463.55999999999756 0.005
463.75999999999755 0.0041
463.95999999999754 0.0049
464.1599999999975 0.0044
464.3599999999975 0.004
464.5599999999975 0.004
464.7599999999975 0.004
464.9599999999975 0.004
465.15999999999747 0.0044
465.35999999999746 0.0048
465.55999999999744 0.0045
465.75999999999743 0.0041
465.9599999999974 0.004
466.1599999999974 0.004
466.3599999999974 0.004
466.5599999999974 0.004
466.7599999999974 0.004
466.95999999999736 0.004
467.15999999999735 0.004
467.35999999999734 0.004
467.55999999999733 0.004
467.7599999999973 0.004
467.9599999999973 0.0032
468.1599999999973 0.0034
468.3599999999973 0.0038
468.5599999999973 0.004
468.75999999999726 0.004
468.95999999999725 0.004
469.15999999999724 0.004
469.3599999999972 0.004
469.5599999999972 0.004
469.7599999999972 0.003
469.9599999999972 0.004
470.1599999999972 0.004
470.35999999999717 0.004
470.55999999999716 0.004
470.75999999999715 0.0038
470.95999999999714 0.0031
471.1599999999971 0.003
471.3599999999971 0.003
471.5599999999971 0.003
471.7599999999971 0.003
471.9599999999971 0.0034
472.15999999999707 0.004
472.35999999999706 0.004
472.55999999999705 0.004
472.75999999999704 0.0035
472.959999999997 0.003
473.159999999997 0.003
473.359999999997 0.003
473.559999999997 0.003
473.759999999997 0.003
473.95999999999697 0.003
474.15999999999696 0.003
474.35999999999694 0.003
474.55999999999693 0.003
474.7599999999969 0.003
474.9599999999969 0.003
475.1599999999969 0.003
475.3599999999969 0.003
475.5599999999969 0.003
475.75999999999686 0.003
475.95999999999685 0.003
476.15999999999684 0.003
476.35999999999683 0.003
476.5599999999968 0.003
476.7599999999968 0.003
476.9599999999968 0.003
477.1599999999968 0.003
477.3599999999968 0.003
477.55999999999676 0.003
477.75999999999675 0.003
477.95999999999674 0.003
478.1599999999967 0.003
478.3599999999967 0.003
478.5599999999967 0.003
478.7599999999967 0.003
478.9599999999967 0.003
479.15999999999667 0.003
479.35999999999666 0.003
479.55999999999665 0.003
479.75999999999664 0.003
479.9599999999966 0.003
480.1599999999966 0.003
480.3599999999966 0.0028
480.5599999999966 0.0021
480.7599999999966 0.0028
480.95999999999657 0.002
481.15999999999656 0.002
481.35999999999655 0.002
481.55999999999653 0.002
481.7599999999965 0.0024
481.9599999999965 0.003
482.1599999999965 0.0026
482.3599999999965 0.002
482.5599999999965 0.002
482.75999999999647 0.002
482.95999999999646 0.002
483.15999999999644 0.002
483.35999999999643 0.002
483.5599999999964 0.002
483.7599999999964 0.002
483.9599999999964 0.002
484.1599999999964 0.002
484.3599999999964 0.002
484.55999999999636 0.0025
484.75999999999635 0.0026
484.95999999999634 0.002
485.15999999999633 0.002
485.3599999999963 0.002
485.5599999999963 0.002
485.7599999999963 0.002
485.9599999999963 0.002
486.1599999999963 0.002
486.35999999999626 0.002
486.55999999999625 0.002
486.75999999999624 0.002
486.9599999999962 0.002
487.1599999999962 0.002
487.3599999999962 0.002
487.5599999999962 0.002
487.7599999999962 0.002
487.95999999999617 0.002
488.15999999999616 0.002
488.35999999999615 0.002
488.55999999999614 0.002
488.7599999999961 0.002
488.9599999999961 0.002
489.1599999999961 0.002
489.3599999999961 0.002
489.5599999999961 0.002
489.75999999999607 0.002
489.95999999999606 0.002
490.15999999999605 0.002
490.35999999999603 0.002
490.559999999996 0.002
490.759999999996 0.0016
490.959999999996 0.0011
491.159999999996 0.001
491.359999999996 0.001
491.55999999999597 0.001
491.75999999999596 0.001
491.95999999999594 0.0009
492.15999999999593 0.0
492.3599999999959 0.0007
492.5599999999959 0.001
492.7599999999959 0.001
492.9599999999959 0.001
493.1599999999959 0.001
493.35999999999586 0.001
493.55999999999585 0.001
493.75999999999584 0.001
493.95999999999583 0.0011
494.1599999999958 0.0016
494.3599999999958 0.0019
494.5599999999958 0.0014
494.7599999999958 0.001
494.9599999999958 0.001
495.15999999999576 0.001
495.35999999999575 0.001
495.55999999999574 0.001
495.7599999999957 0.001
495.9599999999957 0.001
496.1599999999957 0.001
496.3599999999957 0.001
496.5599999999957 0.001
496.75999999999567 0.001
496.95999999999566 0.0006
497.15999999999565 0.0001
497.35999999999564 0.0001
497.5599999999956 0.0006
497.7599999999956 0.0009
497.9599999999956 0.0002
498.1599999999956 0.0
498.3599999999956 0.0
498.55999999999557 0.0
498.75999999999556 0.0006
498.95999999999555 0.001
499.15999999999553 0.0007
499.3599999999955 0.0
499.5599999999955 0.0
499.7599999999955 0.0004
499.9599999999955 0.0008
500.1599999999955 0.0001
500.35999999999547 0.0
500.55999999999545 0.0
500.75999999999544 0.0
500.95999999999543 0.0
501.1599999999954 0.0
501.3599999999954 0.0
501.5599999999954 0.0004
501.7599999999954 0.0009
501.9599999999954 0.0003
502.15999999999536 0.001
502.35999999999535 0.001
502.55999999999534 0.0008
502.75999999999533 0.0003
502.9599999999953 0.0008
503.1599999999953 0.0001
503.3599999999953 0.0
503.5599999999953 0.0
503.7599999999953 0.0
503.95999999999526 0.0
504.15999999999525 0.0
504.35999999999524 0.0
504.5599999999952 0.0009
504.7599999999952 0.0002
504.9599999999952 0.0
505.1599999999952 0.0
505.3599999999952 0.0
505.55999999999517 0.0
505.75999999999516 0.0
505.95999999999515 0.0
506.15999999999514 0.0
506.3599999999951 0.0
506.5599999999951 0.0
506.7599999999951 0.0
506.9599999999951 -0.0004
507.1599999999951 -0.0009
507.35999999999507 -0.0003
507.55999999999506 0.0
507.75999999999505 0.0
507.95999999999503 0.0
508.159999999995 0.0
508.359999999995 0.0
508.559999999995 0.0
508.759999999995 0.0
508.959999999995 0.0
509.15999999999497 0.0
509.35999999999495 0.0
509.55999999999494 0.0
509.75999999999493 0.0
509.9599999999949 0.0
510.1599999999949 0.0
510.3599999999949 0.0
510.5599999999949 0.0
510.7599999999949 0.0
510.95999999999486 0.0
511.15999999999485 0.0
511.35999999999484 0.0
511.55999999999483 0.0
511.7599999999948 0.0
511.9599999999948 0.0
512.1599999999949 0.0
512.3599999999949 0.0
512.559999999995 0.0
512.759999999995 0.0
512.959999999995 0.0
513.1599999999951 0.0
513.3599999999951 0.0
513.5599999999952 0.0
513.7599999999952 -0.0003
513.9599999999953 -0.001
514.1599999999953 -0.001
514.3599999999954 -0.0003
514.5599999999954 -0.0007
514.7599999999954 -0.0009
514.9599999999955 0.0
515.1599999999955 0.0
515.3599999999956 0.0
515.5599999999956 0.0
515.7599999999957 -0.0003
515.9599999999957 -0.001
516.1599999999958 -0.0007
516.3599999999958 -0.0001
516.5599999999959 -0.0004
516.7599999999959 -0.0009
516.959999999996 -0.001
517.159999999996 -0.0001
517.359999999996 -0.0006
517.5599999999961 -0.001
517.7599999999961 -0.001
517.9599999999962 -0.0004
518.1599999999962 -0.001
518.3599999999963 -0.001
518.5599999999963 -0.001
518.7599999999964 -0.001
518.9599999999964 -0.001
519.1599999999964 -0.001
519.3599999999965 -0.001
519.5599999999965 -0.001
519.7599999999966 -0.001
519.9599999999966 -0.001
520.1599999999967 -0.001
520.3599999999967 -0.0008
520.5599999999968 -0.0002
520.7599999999968 -0.0005
520.9599999999969 -0.001
521.1599999999969 -0.001
521.359999999997 -0.001
521.559999999997 -0.001
521.759999999997 -0.001
521.9599999999971 -0.001
522.1599999999971 -0.001
522.3599999999972 -0.001
522.5599999999972 -0.001
522.7599999999973 -0.001
522.9599999999973 -0.001
523.1599999999974 -0.001
523.3599999999974 -0.001
523.5599999999974 -0.001
523.7599999999975 -0.001
523.9599999999975 -0.001
524.1599999999976 -0.001
524.3599999999976 -0.001
524.5599999999977 -0.0012
524.7599999999977 -0.0016
524.9599999999978 -0.0019
525.1599999999978 -0.001
525.3599999999979 -0.001
525.5599999999979 -0.001
525.759999999998 -0.001
525.959999999998 -0.001
526.159999999998 -0.001
526.3599999999981 -0.001
526.5599999999981 -0.001
526.7599999999982 -0.001
526.9599999999982 -0.001
527.1599999999983 -0.001
527.3599999999983 -0.001
527.5599999999984 -0.001
527.7599999999984 -0.001
527.9599999999984 -0.001
528.1599999999985 -0.001
528.3599999999985 -0.001
528.5599999999986 -0.001
528.7599999999986 -0.001
528.9599999999987 -0.001
529.1599999999987 -0.001
529.3599999999988 -0.001
529.5599999999988 -0.001
529.7599999999989 -0.001
529.9599999999989 -0.001
530.159999999999 -0.001
530.359999999999 -0.001
530.559999999999 -0.001
530.7599999999991 -0.001
530.9599999999991 -0.001
531.1599999999992 -0.0012
531.3599999999992 -0.0017
531.5599999999993 -0.0012
531.7599999999993 -0.001
531.9599999999994 -0.001
532.1599999999994 -0.001
532.3599999999994 -0.001
532.5599999999995 -0.001
532.7599999999995 -0.001
532.9599999999996 -0.001
533.1599999999996 -0.001
533.3599999999997 -0.001
533.5599999999997 -0.001
533.7599999999998 -0.001
533.9599999999998 -0.001
534.1599999999999 -0.001
534.3599999999999 -0.001
534.56 -0.001
534.76 -0.001
534.96 -0.001
535.1600000000001 -0.001
535.3600000000001 -0.001
535.5600000000002 -0.001
535.7600000000002 -0.001
535.9600000000003 -0.001
536.1600000000003 -0.001
536.3600000000004 -0.001
536.5600000000004 -0.001
536.7600000000004 -0.001
536.9600000000005 -0.001
537.1600000000005 -0.001
537.3600000000006 -0.001
537.5600000000006 -0.001
537.7600000000007 -0.001
537.9600000000007 -0.001
538.1600000000008 -0.001
538.3600000000008 -0.001
538.5600000000009 -0.001
538.7600000000009 -0.001
538.960000000001 -0.001
539.160000000001 -0.001
539.360000000001 -0.001
539.5600000000011 -0.001
539.7600000000011 -0.001
539.9600000000012 -0.001
540.1600000000012 -0.001
540.3600000000013 -0.001
540.5600000000013 -0.0013
540.7600000000014 -0.0016
540.9600000000014 -0.001
541.1600000000014 -0.001
541.3600000000015 -0.001
541.5600000000015 -0.001
541.7600000000016 -0.001
541.9600000000016 -0.001
542.1600000000017 -0.001
542.3600000000017 -0.0016
542.5600000000018 -0.0016
542.7600000000018 -0.001
542.9600000000019 -0.001
543.1600000000019 -0.001
543.360000000002 -0.001
543.560000000002 -0.001
543.760000000002 -0.001
543.9600000000021 -0.0011
544.1600000000021 -0.0017
544.3600000000022 -0.0014
544.5600000000022 -0.001
544.7600000000023 -0.001
544.9600000000023 -0.001
545.1600000000024 -0.001
545.3600000000024 -0.001
545.5600000000024 -0.001
545.7600000000025 -0.001
545.9600000000025 -0.001
546.1600000000026 -0.001
546.3600000000026 -0.001
546.5600000000027 -0.001
546.7600000000027 -0.001
546.9600000000028 -0.001
547.1600000000028 -0.001
547.3600000000029 -0.001
547.5600000000029 -0.001
547.760000000003 -0.001
547.960000000003 -0.001
548.160000000003 -0.001
548.3600000000031 -0.001
548.5600000000031 -0.001
548.7600000000032 -0.001
548.9600000000032 -0.0014
549.1600000000033 -0.001
549.3600000000033 -0.001
549.5600000000034 -0.001
549.7600000000034 -0.001
549.9600000000034 -0.001
550.1600000000035 -0.001
550.3600000000035 -0.001
550.5600000000036 -0.001
550.7600000000036 -0.001
550.9600000000037 -0.001
551.1600000000037 -0.001
551.3600000000038 -0.001
551.5600000000038 -0.001
551.7600000000039 -0.001
551.9600000000039 -0.001
552.160000000004 -0.001
552.360000000004 -0.001
552.560000000004 -0.001
552.7600000000041 -0.001
552.9600000000041 -0.002
553.1600000000042 -0.002
553.3600000000042 -0.002
553.5600000000043 -0.0019
553.7600000000043 -0.0014
553.9600000000044 -0.001
554.1600000000044 -0.0016
554.3600000000044 -0.0016
554.5600000000045 -0.001
554.7600000000045 -0.0015
554.9600000000046 -0.002
555.1600000000046 -0.0017
555.3600000000047 -0.0011
555.5600000000047 -0.001
555.7600000000048 -0.001
555.9600000000048 -0.001
556.1600000000049 -0.001
556.3600000000049 -0.001
556.560000000005 -0.002
556.760000000005 -0.002
556.960000000005 -0.002
557.1600000000051 -0.001
557.3600000000051 -0.001
557.5600000000052 -0.001
557.7600000000052 -0.001
557.9600000000053 -0.001
558.1600000000053 -0.002
558.3600000000054 -0.0015
558.5600000000054 -0.001
558.7600000000054 -0.0019
558.9600000000055 -0.002
559.1600000000055 -0.0012
559.3600000000056 -0.001
559.5600000000056 -0.001
559.7600000000057 -0.001
559.9600000000057 -0.001
560.1600000000058 -0.001
560.3600000000058 -0.0016
560.5600000000059 -0.001
560.7600000000059 -0.001
560.960000000006 -0.0015
561.160000000006 -0.002
561.360000000006 -0.002
561.5600000000061 -0.002
561.7600000000061 -0.0013
561.9600000000062 -0.0019
562.1600000000062 -0.0016
562.3600000000063 -0.0011
562.5600000000063 -0.001
562.7600000000064 -0.0012
562.9600000000064 -0.0018
563.1600000000064 -0.0015
563.3600000000065 -0.0011
563.5600000000065 -0.0016
563.7600000000066 -0.002
563.9600000000066 -0.002
564.1600000000067 -0.002
564.3600000000067 -0.002
564.5600000000068 -0.0015
564.7600000000068 -0.001
564.9600000000069 -0.002
565.1600000000069 -0.002
565.360000000007 -0.002
565.560000000007 -0.002
565.760000000007 -0.002
565.9600000000071 -0.002
566.1600000000071 -0.002
566.3600000000072 -0.002
566.5600000000072 -0.002
566.7600000000073 -0.0013
566.9600000000073 -0.0014
567.1600000000074 -0.002
567.3600000000074 -0.002
567.5600000000074 -0.002
567.7600000000075 -0.002
567.9600000000075 -0.0013
568.1600000000076 -0.002
568.3600000000076 -0.002
568.5600000000077 -0.002
568.7600000000077 -0.002
568.9600000000078 -0.0013
569.1600000000078 -0.001
569.3600000000079 -0.0015
569.5600000000079 -0.0015
569.760000000008 -0.001
569.960000000008 -0.0011
570.160000000008 -0.0018
570.3600000000081 -0.002
570.5600000000081 -0.002
570.7600000000082 -0.002
570.9600000000082 -0.0013
571.1600000000083 -0.0012
571.3600000000083 -0.0017
571.5600000000084 -0.0011
571.7600000000084 -0.0016
571.9600000000084 -0.002
572.1600000000085 -0.002
572.3600000000085 -0.002
572.5600000000086 -0.002
572.7600000000086 -0.002
572.9600000000087 -0.002
573.1600000000087 -0.002
573.3600000000088 -0.002
573.5600000000088 -0.002
573.7600000000089 -0.002
573.9600000000089 -0.002
574.160000000009 -0.002
574.360000000009 -0.002
574.560000000009 -0.002
574.7600000000091 -0.002
574.9600000000091 -0.002
575.1600000000092 -0.002
575.3600000000092 -0.002
575.5600000000093 -0.002
575.7600000000093 -0.0017
575.9600000000094 -0.0013
576.1600000000094 -0.0015
576.3600000000094 -0.0015
576.5600000000095 -0.001
576.7600000000095 -0.0011
576.9600000000096 -0.0017
577.1600000000096 -0.002
577.3600000000097 -0.002
577.5600000000097 -0.002
577.7600000000098 -0.002
577.9600000000098 -0.002
578.1600000000099 -0.002
578.3600000000099 -0.002
578.56000000001 -0.002
578.76000000001 -0.002
578.96000000001 -0.002
579.1600000000101 -0.002
579.3600000000101 -0.002
579.5600000000102 -0.0019
579.7600000000102 -0.0012
579.9600000000103 -0.0013
580.1600000000103 -0.0018
580.3600000000104 -0.001
580.5600000000104 -0.001
580.7600000000105 -0.001
580.9600000000105 -0.001
581.1600000000105 -0.001
581.3600000000106 -0.001
581.5600000000106 -0.001
581.7600000000107 -0.001
581.9600000000107 -0.0012
582.1600000000108 -0.0017
582.3600000000108 -0.002
582.5600000000109 -0.002
582.7600000000109 -0.002
582.960000000011 -0.002
583.160000000011 -0.002
583.360000000011 -0.002
583.5600000000111 -0.002
583.7600000000111 -0.002
583.9600000000112 -0.002
584.1600000000112 -0.002
584.3600000000113 -0.002
584.5600000000113 -0.002
584.7600000000114 -0.002
584.9600000000114 -0.002
585.1600000000115 -0.002
585.3600000000115 -0.002
585.5600000000115 -0.002
585.7600000000116 -0.002
585.9600000000116 -0.002
586.1600000000117 -0.002
586.3600000000117 -0.002
586.5600000000118 -0.002
586.7600000000118 -0.002
586.9600000000119 -0.002
587.1600000000119 -0.002
587.360000000012 -0.002
587.560000000012 -0.002
587.760000000012 -0.002
587.9600000000121 -0.002
588.1600000000121 -0.002
588.3600000000122 -0.002
588.5600000000122 -0.0022
588.7600000000123 -0.0029
588.9600000000123 -0.0022
589.1600000000124 -0.002
589.3600000000124 -0.002
589.5600000000125 -0.002
589.7600000000125 -0.002
589.9600000000125 -0.002
590.1600000000126 -0.002
590.3600000000126 -0.002
590.5600000000127 -0.002
590.7600000000127 -0.002
590.9600000000128 -0.002
591.1600000000128 -0.002
591.3600000000129 -0.002
591.5600000000129 -0.002
591.760000000013 -0.002
591.960000000013 -0.002
592.160000000013 -0.002
592.3600000000131 -0.002
592.5600000000131 -0.002
592.7600000000132 -0.002
592.9600000000132 -0.002
593.1600000000133 -0.002
593.3600000000133 -0.002
593.5600000000134 -0.002
593.7600000000134 -0.002
593.9600000000135 -0.002
594.1600000000135 -0.002
594.3600000000135 -0.002
594.5600000000136 -0.0015
594.7600000000136 -0.0011
594.9600000000137 -0.0019
595.1600000000137 -0.002
595.3600000000138 -0.002
595.5600000000138 -0.002
595.7600000000139 -0.002
595.9600000000139 -0.002
596.160000000014 -0.002
596.360000000014 -0.0019
596.560000000014 -0.0013
596.7600000000141 -0.002
596.9600000000141 -0.002
597.1600000000142 -0.002
597.3600000000142 -0.002
597.5600000000143 -0.002
597.7600000000143 -0.002
597.9600000000144 -0.002
598.1600000000144 -0.002
598.3600000000145 -0.0017
598.5600000000145 -0.0012
598.7600000000145 -0.0018
598.9600000000146 -0.002
599.1600000000146 -0.002
599.3600000000147 -0.002
599.5600000000147 -0.002
599.7600000000148 -0.002
599.9600000000148 -0.002
600.1600000000149 -0.002
600.3600000000149 -0.002
600.560000000015 -0.002
600.760000000015 -0.002
600.960000000015 -0.002
601.1600000000151 -0.002
601.3600000000151 -0.002
601.5600000000152 -0.002
601.7600000000152 -0.0023
601.9600000000153 -0.0027
602.1600000000153 -0.002
602.3600000000154 -0.002
602.5600000000154 -0.002
602.7600000000155 -0.002
602.9600000000155 -0.002
603.1600000000155 -0.002
603.3600000000156 -0.002
603.5600000000156 -0.002
603.7600000000157 -0.002
603.9600000000157 -0.002
604.1600000000158 -0.002
604.3600000000158 -0.002
604.5600000000159 -0.002
604.7600000000159 -0.002
604.960000000016 -0.002
605.160000000016 -0.0018
605.360000000016 -0.0012
605.5600000000161 -0.002
605.7600000000161 -0.002
605.9600000000162 -0.002
