200.117 -0.002
200.317 -0.002
200.517 -0.0024
200.717 -0.0028
200.917 -0.0023
201.117 -0.0026
201.317 -0.003
201.517 -0.003
201.717 -0.002
201.917 -0.002
202.117 -0.0027
202.317 -0.0024
202.517 -0.002
202.717 -0.002
202.917 -0.002
203.117 -0.002
203.317 -0.002
203.517 -0.002
203.717 -0.002
203.917 -0.002
204.117 -0.002
204.317 -0.002
204.517 -0.0022
204.717 -0.0028
204.917 -0.0023
205.117 -0.002
205.317 -0.002
205.517 -0.002
205.717 -0.002
205.917 -0.002
206.117 -0.002
206.317 -0.002
206.517 -0.002
206.717 -0.002
206.917 -0.002
207.117 -0.0027
207.317 -0.0021
207.517 -0.002
207.717 -0.002
207.917 -0.002
208.117 -0.002
208.317 -0.002
208.517 -0.002
208.717 -0.002
208.917 -0.002
209.117 -0.002
209.317 -0.002
209.517 -0.002
209.717 -0.002
209.917 -0.002
210.117 -0.002
210.317 -0.002
210.517 -0.002
210.717 -0.002
210.917 -0.002
211.117 -0.002
211.317 -0.002
211.517 -0.002
211.717 -0.002
211.917 -0.002
212.117 -0.002
212.317 -0.002
212.517 -0.002
212.717 -0.002
212.917 -0.002
213.117 -0.002
213.317 -0.002
213.517 -0.002
213.717 -0.002
213.917 -0.002
214.117 -0.002
214.317 -0.002
214.517 -0.002
214.717 -0.002
214.917 -0.002
215.117 -0.002
215.317 -0.002
215.517 -0.002
215.717 -0.0021
215.917 -0.0027
216.117 -0.002
216.317 -0.0025
216.517 -0.003
216.717 -0.0021
216.917 -0.0026
217.117 -0.0021
217.317 -0.0024
217.517 -0.0028
217.717 -0.003
217.917 -0.0022
218.117 -0.002
218.317 -0.002
218.517 -0.002
218.717 -0.0021
218.917 -0.0025
219.117 -0.003
219.317 -0.0023
219.517 -0.002
219.717 -0.002
219.917 -0.002
220.117 -0.002
220.317 -0.002
220.517 -0.002
220.717 -0.002
220.917 -0.0021
221.117 -0.0026
221.317 -0.0025
221.517 -0.002
221.717 -0.002
221.917 -0.002
222.117 -0.002
222.317 -0.002
222.517 -0.002
222.717 -0.002
222.917 -0.0028
223.117 -0.0023
223.317 -0.002
223.517 -0.0022
223.717 -0.0027
223.917 -0.002
224.117 -0.002
224.317 -0.002
224.517 -0.002
224.717 -0.002
224.917 -0.002
225.117 -0.002
225.317 -0.002
225.517 -0.002
225.717 -0.002
225.917 -0.002
226.117 -0.002
226.317 -0.002
226.517 -0.002
226.717 -0.002
226.917 -0.002
227.117 -0.0022
227.317 -0.0027
227.517 -0.0024
227.717 -0.002
227.917 -0.002
228.117 -0.002
228.317 -0.002
228.517 -0.0026
228.717 -0.0026
228.917 -0.002
229.117 -0.002
229.317 -0.002
229.517 -0.002
229.717 -0.002
229.917 -0.002
230.117 -0.002
230.317 -0.002
230.517 -0.002
230.717 -0.002
230.917 -0.002
231.117 -0.002
231.317 -0.002
231.517 -0.002
231.717 -0.002
231.917 -0.002
232.117 -0.002
232.317 -0.002
232.517 -0.0027
232.717 -0.002
232.917 -0.002
233.117 -0.002
233.317 -0.002
233.517 -0.002
233.717 -0.002
233.917 -0.002
234.117 -0.002
234.317 -0.002
234.517 -0.002
234.717 -0.002
234.917 -0.002
235.117 -0.002
235.317 -0.002
235.517 -0.002
235.717 -0.002
235.917 -0.002
236.117 -0.002
236.317 -0.002
236.517 -0.002
236.717 -0.002
236.917 -0.002
237.117 -0.002
237.317 -0.002
237.517 -0.002
237.717 -0.002
237.917 -0.002
238.117 -0.002
238.317 -0.002
238.517 -0.0021
238.717 -0.0027
238.917 -0.0027
239.117 -0.0022
239.317 -0.002
239.517 -0.002
239.717 -0.002
239.917 -0.002
240.117 -0.002
240.317 -0.002
240.517 -0.002
240.717 -0.0025
240.917 -0.0028
241.117 -0.0021
241.317 -0.0028
241.517 -0.0027
241.717 -0.0024
241.917 -0.002
242.117 -0.002
242.317 -0.002
242.517 -0.0022
242.717 -0.0027
242.917 -0.0021
243.117 -0.002
243.317 -0.002
243.517 -0.002
243.717 -0.002
243.917 -0.002
244.117 -0.002
244.317 -0.002
244.517 -0.002
244.717 -0.002
244.917 -0.002
245.117 -0.002
245.317 -0.0021
245.517 -0.003
245.717 -0.0023
245.917 -0.002
246.117 -0.002
246.317 -0.002
246.517 -0.002
246.717 -0.002
246.917 -0.002
247.117 -0.002
247.317 -0.002
247.517 -0.002
247.717 -0.002
247.917 -0.002
248.117 -0.002
248.317 -0.002
248.517 -0.002
248.717 -0.002
248.917 -0.002
249.117 -0.002
249.317 -0.0025
249.517 -0.003
249.717 -0.0021
249.917 -0.002
250.117 -0.002
250.317 -0.0022
250.517 -0.0026
250.717 -0.003
250.917 -0.0026
251.117 -0.0022
251.317 -0.002
251.517 -0.002
251.717 -0.002
251.917 -0.002
252.117 -0.002
252.317 -0.002
252.517 -0.002
252.717 -0.002
252.917 -0.0028
253.117 -0.0024
253.317 -0.002
253.517 -0.002
253.717 -0.002
253.917 -0.002
254.117 -0.002
254.317 -0.002
254.517 -0.002
254.717 -0.002
254.917 -0.0021
255.117 -0.003
255.317 -0.003
255.517 -0.003
255.717 -0.002
255.917 -0.002
256.117 -0.002
256.317 -0.002
256.517 -0.002
256.717 -0.002
256.917 -0.002
257.117 -0.002
257.317 -0.002
257.517 -0.002
257.717 -0.002
257.917 -0.002
258.117 -0.002
258.317 -0.002
258.517 -0.002
258.717 -0.002
258.917 -0.002
259.117 -0.002
259.317 -0.002
259.517 -0.002
259.717 -0.0029
259.917 -0.0024
260.117 -0.002
260.317 -0.0023
260.517 -0.0028
260.717 -0.0022
260.917 -0.0021
261.117 -0.0025
261.317 -0.0028
261.517 -0.002
261.717 -0.002
261.917 -0.002
262.117 -0.002
262.317 -0.002
262.517 -0.002
262.717 -0.002
262.917 -0.002
263.117 -0.0022
263.317 -0.0029
263.517 -0.0025
263.717 -0.002
263.917 -0.0024
264.117 -0.0027
264.317 -0.0022
264.517 -0.0021
264.717 -0.0029
264.917 -0.0023
265.117 -0.002
265.317 -0.002
265.517 -0.002
265.717 -0.002
265.917 -0.002
266.117 -0.002
266.317 -0.002
266.517 -0.002
266.717 -0.002
266.917 -0.002
267.117 -0.002
267.317 -0.002
267.517 -0.002
267.717 -0.002
267.917 -0.002
268.117 -0.002
268.317 -0.002
268.517 -0.002
268.717 -0.003
268.917 -0.002
269.117 -0.002
269.317 -0.002
269.517 -0.002
269.717 -0.002
269.917 -0.002
270.117 -0.0025
270.317 -0.0025
270.517 -0.002
270.717 -0.002
270.917 -0.002
271.117 -0.002
271.317 -0.002
271.517 -0.002
271.717 -0.002
271.917 -0.002
272.117 -0.002
272.317 -0.002
272.517 -0.002
272.717 -0.002
272.917 -0.0023
273.117 -0.002
273.317 -0.002
273.517 -0.002
273.717 -0.002
273.917 -0.002
274.117 -0.002
274.317 -0.002
274.517 -0.002
274.717 -0.002
274.917 -0.002
275.117 -0.002
275.317 -0.0022
275.517 -0.0027
275.717 -0.0027
275.917 -0.0021
276.117 -0.002
276.317 -0.002
276.517 -0.0025
276.717 -0.002
276.917 -0.002
277.117 -0.0029
277.317 -0.0024
277.517 -0.0021
277.717 -0.0029
277.917 -0.0023
278.117 -0.002
278.317 -0.002
278.517 -0.002
278.717 -0.002
278.917 -0.002
279.117 -0.002
279.317 -0.002
279.517 -0.002
279.717 -0.002
279.917 -0.0028
280.117 -0.0025
280.317 -0.002
280.517 -0.002
280.717 -0.0021
280.917 -0.0026
281.117 -0.0029
281.317 -0.002
281.517 -0.002
281.717 -0.0027
281.917 -0.0028
282.117 -0.0023
282.317 -0.002
282.517 -0.002
282.717 -0.002
282.917 -0.002
283.117 -0.002
283.317 -0.002
283.517 -0.002
283.717 -0.002
283.917 -0.002
284.117 -0.002
284.317 -0.002
284.517 -0.002
284.717 -0.002
284.917 -0.002
285.117 -0.002
285.317 -0.0023
285.517 -0.0029
285.717 -0.0021
285.917 -0.002
286.117 -0.002
286.317 -0.002
286.517 -0.002
286.717 -0.002
286.917 -0.002
287.117 -0.001
287.317 -0.001
287.517 -0.001
287.717 -0.001
287.917 -0.001
288.117 -0.001
288.317 -0.002
288.517 -0.0014
288.717 -0.001
288.917 -0.0006
289.117 0.0
289.317 0.0
289.517 0.0012
289.717 0.0016
289.917 0.0022
290.117 0.003
290.317 0.003
290.517 0.0037
290.717 0.0053
290.917 0.0068
291.117 0.008
291.317 0.0087
291.517 0.01
291.717 0.0119
291.917 0.0139
292.117 0.0164
292.317 0.0192
292.517 0.0246
292.717 0.0261
292.917 0.0277
293.117 0.0295
293.317 0.0315
293.517 0.038
293.717 0.0427
293.917 0.0465
294.117 0.05
294.317 0.0542
294.517 0.0643
294.717 0.068
294.917 0.07
295.117 0.0719
295.317 0.0803
295.517 0.0832
295.717 0.0872
295.917 0.0927
296.117 0.0972
296.317 0.1007
296.517 0.1033
296.717 0.1059
296.917 0.1085
297.117 0.1112
297.317 0.1125
297.517 0.1142
297.717 0.115
297.917 0.115
298.117 0.115
298.317 0.116
298.517 0.116
298.717 0.116
298.917 0.116
299.117 0.112
299.317 0.1091
299.517 0.1067
299.717 0.1055
299.917 0.1043
300.117 0.1019
300.317 0.0992
300.517 0.0966
300.717 0.0937
300.917 0.0904
301.117 0.0838
301.317 0.08
301.517 0.0761
301.717 0.0722
301.917 0.0674
302.117 0.0652
302.317 0.0633
302.517 0.0554
302.717 0.0534
302.917 0.0484
303.117 0.0426
303.317 0.0382
303.517 0.0357
303.717 0.0337
303.917 0.0314
304.117 0.0286
304.317 0.0239
304.517 0.021
304.717 0.019
304.917 0.0166
305.117 0.0144
305.317 0.0131
305.517 0.0113
305.717 0.0093
305.917 0.0077
306.117 0.0068
306.317 0.0062
306.517 0.0053
306.717 0.0043
306.917 0.0037
307.117 0.0032
307.317 0.0024
307.517 0.002
307.717 0.002
307.917 0.0015
308.117 0.001
308.317 0.001
308.517 0.0008
308.717 0.0003
308.917 0.0
309.117 0.0
309.317 -0.0005
309.517 -0.0009
309.717 -0.0004
309.917 0.0
310.117 0.0
310.317 -0.0003
310.517 -0.0008
310.717 -0.001
310.917 -0.001
311.117 -0.001
311.317 -0.001
311.517 -0.001
311.717 -0.001
311.917 -0.001
312.117 -0.001
312.317 -0.001
312.517 -0.001
312.717 -0.001
312.917 -0.001
313.117 -0.001
313.317 -0.001
313.517 -0.001
313.717 -0.001
313.917 -0.001
314.117 -0.001
314.317 -0.001
314.517 -0.001
314.717 -0.001
314.917 -0.0013
315.117 -0.0019
315.317 -0.0011
315.517 -0.001
315.717 -0.001
315.917 -0.001
316.117 -0.001
316.317 -0.001
316.517 -0.001
316.717 -0.001
316.917 -0.001
317.117 -0.001
317.317 -0.001
317.517 -0.001
317.717 -0.002
317.917 -0.0015
318.117 -0.001
318.317 -0.001
318.517 -0.001
318.717 -0.001
318.917 -0.0012
319.117 -0.0016
319.317 -0.0015
319.517 -0.001
319.717 -0.001
319.917 -0.001
320.117 -0.001
320.317 -0.001
320.517 -0.001
320.717 -0.0015
320.917 -0.001
321.117 -0.001
321.317 -0.001
321.517 -0.001
321.717 -0.001
321.917 -0.0014
322.117 -0.0018
322.317 -0.0014
322.517 -0.001
322.717 -0.001
322.917 -0.0017
323.117 -0.0013
323.317 -0.001
323.517 -0.001
323.717 -0.0011
323.917 -0.0017
324.117 -0.001
324.317 -0.001
324.517 -0.001
324.717 -0.001
324.917 -0.0019
325.117 -0.0016
325.317 -0.0011
325.517 -0.0018
325.717 -0.0012
325.917 -0.0018
326.117 -0.0017
326.317 -0.0013
326.517 -0.002
326.717 -0.002
326.917 -0.002
327.117 -0.002
327.317 -0.002
327.517 -0.002
327.717 -0.002
327.917 -0.002
328.117 -0.002
328.317 -0.002
328.517 -0.002
328.717 -0.002
328.917 -0.002
329.117 -0.002
329.317 -0.002
329.517 -0.002
329.717 -0.002
329.917 -0.0019
330.117 -0.001
330.317 -0.001
330.517 -0.001
330.717 -0.0013
330.917 -0.002
331.117 -0.0016
331.317 -0.0018
331.517 -0.0013
331.717 -0.0017
331.917 -0.0014
332.117 -0.001
332.317 -0.001
332.517 -0.0015
332.717 -0.0015
332.917 -0.001
333.117 -0.001
333.317 -0.002
333.517 -0.002
333.717 -0.001
333.917 -0.0013
334.117 -0.0017
334.317 -0.002
334.517 -0.002
334.717 -0.0017
334.917 -0.0011
335.117 -0.0016
335.317 -0.0014
335.517 -0.001
335.717 -0.001
335.917 -0.0011
336.117 -0.0018
336.317 -0.0016
336.517 -0.0011
336.717 -0.0017
336.917 -0.001
337.117 -0.001
337.317 -0.001
337.517 -0.0017
337.717 -0.002
337.917 -0.0012
338.117 -0.001
338.317 -0.001
338.517 -0.001
338.717 -0.001
338.917 -0.0012
339.117 -0.0018
339.317 -0.0016
339.517 -0.0012
339.717 -0.001
339.917 -0.001
340.117 -0.0012
340.317 -0.0018
340.517 -0.0015
340.717 -0.0012
340.917 -0.001
341.117 -0.0019
341.317 -0.0014
341.517 -0.001
341.717 -0.001
341.917 -0.001
342.117 -0.001
342.317 -0.0012
342.517 -0.0016
342.717 -0.001
342.917 -0.001
343.117 -0.001
343.317 -0.001
343.517 -0.001
343.717 -0.001
343.917 -0.001
344.117 -0.0015
344.317 -0.0017
344.517 -0.0011
344.717 -0.001
344.917 -0.001
345.117 -0.002
345.317 -0.002
345.517 -0.002
345.717 -0.002
345.917 -0.002
346.117 -0.002
346.317 -0.002
346.517 -0.002
346.717 -0.002
346.917 -0.002
347.117 -0.002
347.317 -0.0014
347.517 -0.0018
347.717 -0.002
347.917 -0.002
348.117 -0.0012
348.317 -0.0017
348.517 -0.002
348.717 -0.002
348.917 -0.0018
349.117 -0.0012
349.317 -0.001
349.517 -0.0011
349.717 -0.0019
349.917 -0.001
350.117 -0.001
350.317 -0.001
350.517 -0.002
350.717 -0.001
350.917 -0.002
351.117 -0.002
351.317 -0.002
351.517 -0.002
351.717 -0.002
351.917 -0.0015
352.117 -0.001
352.317 -0.0011
352.517 -0.0016
352.717 -0.002
352.917 -0.002
353.117 -0.002
353.317 -0.002
353.517 -0.0013
353.717 -0.001
353.917 -0.0013
354.117 -0.002
354.317 -0.002
354.517 -0.002
354.717 -0.002
354.917 -0.002
355.117 -0.002
355.317 -0.002
355.517 -0.0015
355.717 -0.001
355.917 -0.001
356.117 -0.001
356.317 -0.0016
356.517 -0.002
356.717 -0.002
356.917 -0.002
357.117 -0.002
357.317 -0.0014
357.517 -0.001
357.717 -0.0013
357.917 -0.0019
358.117 -0.002
358.317 -0.0017
358.517 -0.0013
358.717 -0.002
358.917 -0.002
359.117 -0.002
359.317 -0.002
359.517 -0.002
359.717 -0.002
359.917 -0.0014
360.117 -0.001
360.317 -0.001
360.517 -0.001
360.717 -0.001
360.917 -0.0014
361.117 -0.002
361.317 -0.002
361.517 -0.0015
361.717 -0.001
361.917 -0.001
362.117 -0.001
362.317 -0.001
362.517 -0.001
362.717 -0.001
362.917 -0.001
363.117 -0.001
363.317 -0.001
363.517 -0.001
363.717 -0.001
363.917 -0.001
364.117 -0.001
364.317 -0.0016
364.517 -0.0018
364.717 -0.0011
364.917 -0.001
365.117 -0.001
365.317 -0.001
365.517 -0.001
365.717 -0.001
365.917 -0.001
366.117 -0.001
366.317 -0.001
366.517 -0.001
366.717 -0.001
366.917 -0.001
367.117 -0.001
367.317 -0.001
367.517 -0.001
367.717 -0.001
367.917 -0.001
368.117 -0.001
368.317 -0.001
368.517 -0.001
368.717 -0.001
368.917 -0.001
369.117 -0.001
369.317 -0.001
369.517 -0.001
369.717 -0.001
369.917 -0.0013
370.117 -0.0017
370.317 -0.0015
370.517 -0.001
370.717 -0.001
370.917 -0.001
371.117 -0.001
371.317 -0.001
371.517 -0.001
371.717 -0.001
371.917 -0.001
372.117 -0.001
372.317 -0.001
372.517 -0.001
372.717 -0.001
372.917 -0.001
373.117 -0.001
373.317 -0.001
373.517 -0.001
373.717 -0.001
373.917 -0.001
374.117 -0.001
374.317 -0.001
374.517 -0.001
374.717 -0.001
374.917 -0.001
375.117 -0.001
375.317 -0.001
375.517 -0.001
375.717 -0.001
375.917 -0.001
376.117 -0.001
376.317 -0.001
376.517 -0.001
376.717 -0.001
376.917 -0.001
377.117 -0.001
377.317 -0.001
377.517 -0.001
377.717 -0.001
377.917 -0.001
378.117 -0.001
378.317 -0.001
378.517 -0.001
378.717 -0.0012
378.917 -0.0018
379.117 -0.001
379.317 -0.001
379.517 -0.001
379.717 -0.001
379.917 -0.001
380.117 -0.001
380.317 -0.001
380.517 -0.001
380.717 -0.001
380.917 -0.001
381.117 -0.001
381.317 -0.001
381.517 -0.001
381.717 -0.001
381.917 -0.001
382.117 -0.001
382.317 -0.001
382.517 -0.001
382.717 -0.001
382.917 -0.001
383.117 -0.001
383.317 -0.001
383.517 -0.0007
383.717 -0.0001
383.917 -0.001
384.117 -0.001
384.317 -0.001
384.517 -0.001
384.717 -0.001
384.917 -0.001
385.117 -0.001
385.317 -0.0009
385.517 -0.0004
385.717 -0.0001
385.917 -0.001
386.117 -0.001
386.317 -0.001
386.517 -0.001
386.717 -0.0005
386.917 -0.0
387.117 0.0
387.317 0.0
387.517 0.0
387.717 0.0
387.917 0.0
388.117 0.0
388.317 0.0
388.517 0.0
388.717 0.0
388.917 -0.001
389.117 -0.0008
389.317 -0.0004
389.517 0.0
389.717 0.0
389.917 0.0
390.117 0.0
390.317 0.0
390.517 0.0
390.717 0.0
390.917 0.0
391.117 0.0
391.317 0.0
391.517 0.0
391.717 0.0
391.917 0.0
392.117 0.0
392.317 0.0
392.517 0.0
392.717 0.0
392.917 0.0
393.117 0.0
393.317 0.0
393.517 0.0
393.717 0.0
393.917 0.0004
394.117 0.001
394.317 0.001
394.517 0.001
394.717 0.0
394.917 0.0
395.117 0.0
395.317 0.0
395.517 0.0
395.717 0.0
395.917 0.0
396.117 0.0
396.317 0.0
396.517 0.0
396.717 0.0006
396.917 0.001
397.117 0.0004
397.317 0.0
397.517 0.0
397.717 0.0002
397.917 0.0008
398.117 0.0005
398.317 0.0
398.517 0.0
398.717 0.001
398.917 0.0009
399.117 0.0003
399.317 0.0004
399.517 0.001
399.717 0.001
399.917 0.001
400.117 0.001
400.317 0.0002
400.517 0.0005
400.717 0.0009
400.917 0.001
401.117 0.001
401.317 0.001
401.517 0.001
401.717 0.001
401.917 0.001
402.117 0.001
402.317 0.001
402.517 0.001
402.717 0.001
402.917 0.002
403.117 0.0015
403.317 0.001
403.517 0.001
403.717 0.001
403.917 0.001
404.117 0.0018
404.317 0.002
404.517 0.002
404.717 0.002
404.917 0.002
405.117 0.002
405.317 0.002
405.517 0.002
405.717 0.002
405.917 0.002
406.117 0.002
406.317 0.002
406.517 0.0012
406.717 0.0017
406.917 0.002
407.117 0.002
407.317 0.002
407.517 0.002
407.717 0.002
407.917 0.002
408.117 0.002
408.317 0.002
408.517 0.002
408.717 0.002
408.917 0.002
409.117 0.002
409.317 0.002
409.517 0.002
409.717 0.002
409.917 0.002
410.117 0.002
410.317 0.002
410.517 0.002
410.717 0.003
410.917 0.003
411.117 0.003
411.317 0.003
411.517 0.003
411.717 0.003
411.917 0.003
412.117 0.003
412.317 0.002
412.517 0.0025
412.717 0.003
412.917 0.003
413.117 0.003
413.317 0.003
413.517 0.003
413.717 0.0037
413.917 0.0036
414.117 0.0031
414.317 0.003
414.517 0.003
414.717 0.003
414.917 0.0031
415.117 0.0037
415.317 0.004
415.517 0.0039
415.717 0.003
415.917 0.004
416.117 0.0034
416.317 0.003
416.517 0.003
416.717 0.003
416.917 0.0038
417.117 0.0033
417.317 0.0033
417.517 0.004
417.717 0.004
417.917 0.004
418.117 0.0038
418.317 0.003
418.517 0.003
418.717 0.003
418.917 0.003
419.117 0.0033
419.317 0.004
419.517 0.004
419.717 0.0032
419.917 0.0036
420.117 0.0039
420.317 0.004
420.517 0.004
420.717 0.004
420.917 0.004
421.117 0.004
421.317 0.004
421.517 0.004
421.717 0.004
421.917 0.004
422.117 0.004
422.317 0.004
422.517 0.004
422.717 0.004
422.917 0.004
423.117 0.004
423.317 0.004
423.517 0.004
423.717 0.0042
423.917 0.0048
424.117 0.0043
424.317 0.0047
424.517 0.0043
424.717 0.0043
424.917 0.0048
425.117 0.005
425.317 0.0049
425.517 0.004
425.717 0.0047
425.917 0.005
426.117 0.005
426.317 0.005
426.517 0.005
426.717 0.005
426.917 0.005
427.117 0.005
427.317 0.0049
427.517 0.0044
427.717 0.005
427.917 0.005
428.117 0.005
428.317 0.005
428.517 0.005
428.717 0.005
428.917 0.005
429.117 0.005
429.317 0.005
429.517 0.005
429.717 0.005
429.917 0.005
430.117 0.005
430.317 0.005
430.517 0.005
430.717 0.005
430.917 0.0052
431.117 0.0059
431.317 0.0052
431.517 0.0056
431.717 0.0054
431.917 0.005
432.117 0.005
432.317 0.005
432.517 0.005
432.717 0.005
432.917 0.005
433.117 0.005
433.317 0.005
433.517 0.005
433.717 0.005
433.917 0.005
434.117 0.005
434.317 0.005
434.517 0.005
434.717 0.0056
434.917 0.0059
435.117 0.0053
435.317 0.005
435.517 0.005
435.717 0.0056
435.917 0.006
436.117 0.0056
436.317 0.005
436.517 0.005
436.717 0.005
436.917 0.0051
437.117 0.0055
437.317 0.0059
437.517 0.0053
437.717 0.0054
437.917 0.0059
438.117 0.0051
438.317 0.0059
438.517 0.005
438.717 0.0054
438.917 0.0058
439.117 0.006
439.317 0.0055
439.517 0.0051
439.717 0.006
439.917 0.006
440.117 0.0052
440.317 0.0055
440.517 0.0058
440.717 0.0052
440.917 0.0057
441.117 0.006
441.317 0.006
441.517 0.006
441.717 0.006
441.917 0.006
442.117 0.006
442.317 0.006
442.517 0.006
442.717 0.006
442.917 0.0064
443.117 0.0067
443.317 0.006
443.517 0.006
443.717 0.006
443.917 0.006
444.117 0.006
444.317 0.006
444.517 0.0051
444.717 0.0055
444.917 0.0059
445.117 0.0051
445.317 0.006
445.517 0.006
445.717 0.006
445.917 0.006
446.117 0.006
446.317 0.006
446.517 0.0063
446.717 0.007
446.917 0.0066
447.117 0.0061
447.317 0.0063
447.517 0.0068
447.717 0.006
447.917 0.006
