END	440	START	200	SCAN SPEED	120	RESPONSE	5	EMISSION0					TEMPERATURE	25									OPERATOR	GPS	REF NO	1	DATE TIME	11-03-2021 15:21:31	SAMPLE	FLU	199.298	-0.002
199.917	-0.002
200.433	-0.002
200.639	-0.003
201.051	-0.002
201.155	-0.003
201.567	-0.003
201.670	-0.002
201.980	-0.002
202.186	-0.003
202.392	-0.002
202.702	-0.002
202.908	-0.002
203.218	-0.002
203.733	-0.002
203.733	-0.003
203.837	-0.002
204.352	-0.002
204.455	-0.002
204.765	-0.003
204.971	-0.002
205.281	-0.002
205.693	-0.002
205.900	-0.002
206.312	-0.002
206.209	-0.002
206.725	-0.002
206.931	-0.002
207.034	-0.003
207.344	-0.002
207.860	-0.002
207.963	-0.002
208.169	-0.002
208.478	-0.002
208.685	-0.002
208.994	-0.002
209.304	-0.002
209.407	-0.002
209.819	-0.002
210.026	-0.002
210.335	-0.002
210.438	-0.002
210.748	-0.002
211.057	-0.002
211.264	-0.002
211.470	-0.002
211.882	-0.002
211.986	-0.002
212.192	-0.002
212.501	-0.002
212.811	-0.002
213.120	-0.002
213.327	-0.002
213.636	-0.002
213.945	-0.002
214.152	-0.002
214.461	-0.002
214.564	-0.002
214.977	-0.002
215.080	-0.002
215.493	-0.002
215.699	-0.002
216.009	-0.003
216.112	-0.002
216.524	-0.003
216.731	-0.002
217.040	-0.003
217.040	-0.002
217.659	-0.003
217.762	-0.003
217.968	-0.002
218.175	-0.002
218.587	-0.002
218.690	-0.002
219.103	-0.003
219.413	-0.002
219.722	-0.002
219.722	-0.002
220.135	-0.002
220.444	-0.002
220.444	-0.002
220.857	-0.002
221.269	-0.003
221.372	-0.002
221.682	-0.002
221.785	-0.002
221.991	-0.002
222.404	-0.002
222.713	-0.002
222.817	-0.003
223.229	-0.002
223.435	-0.002
223.848	-0.003
223.848	-0.002
224.054	-0.002
224.364	-0.002
224.776	-0.002
224.880	-0.002
225.292	-0.002
225.499	-0.002
225.705	-0.002
226.014	-0.002
226.427	-0.002
226.427	-0.002
226.633	-0.002
227.046	-0.002
227.458	-0.003
227.562	-0.002
227.974	-0.002
228.387	-0.002
228.593	-0.003
228.903	-0.002
229.315	-0.002
229.418	-0.002
229.728	-0.002
229.934	-0.002
230.347	-0.002
230.656	-0.002
230.862	-0.002
231.069	-0.002
231.172	-0.002
231.585	-0.002
231.688	-0.002
232.100	-0.002
232.307	-0.002
232.616	-0.003
232.616	-0.002
233.235	-0.002
233.441	-0.002
233.544	-0.002
233.751	-0.002
234.163	-0.002
234.576	-0.002
234.679	-0.002
234.989	-0.002
235.195	-0.002
235.401	-0.002
235.607	-0.002
235.917	-0.002
236.226	-0.002
236.433	-0.002
236.845	-0.002
236.845	-0.002
237.258	-0.002
237.567	-0.002
237.774	-0.002
238.083	-0.002
238.289	-0.002
238.496	-0.002
238.805	-0.003
239.218	-0.002
239.321	-0.002
239.630	-0.002
239.837	-0.002
240.146	-0.002
240.456	-0.002
240.559	-0.002
240.868	-0.003
241.075	-0.002
241.384	-0.003
241.900	-0.002
241.900	-0.002
242.312	-0.002
242.416	-0.002
242.828	-0.003
242.931	-0.002
243.447	-0.002
243.447	-0.002
243.860	-0.002
244.066	-0.002
244.272	-0.002
244.479	-0.002
244.994	-0.002
244.891	-0.002
245.304	-0.002
245.510	-0.003
245.820	-0.002
246.129	-0.002
246.335	-0.002
246.542	-0.002
246.748	-0.002
247.057	-0.002
247.367	-0.002
247.676	-0.002
247.986	-0.002
248.089	-0.002
248.398	-0.002
248.398	-0.002
249.017	-0.002
249.120	-0.002
249.533	-0.003
249.739	-0.002
250.049	-0.002
250.255	-0.002
250.668	-0.003
250.771	-0.003
251.183	-0.002
250.977	-0.002
251.493	-0.002
251.802	-0.002
251.906	-0.002
252.318	-0.002
252.628	-0.002
252.834	-0.002
252.937	-0.003
253.247	-0.002
253.659	-0.002
253.762	-0.002
254.278	-0.002
254.381	-0.002
254.691	-0.002
254.897	-0.002
255.103	-0.003
255.619	-0.003
255.619	-0.002
255.825	-0.002
256.238	-0.002
256.444	-0.002
256.857	-0.002
256.857	-0.002
257.269	-0.002
257.579	-0.002
257.785	-0.002
257.888	-0.002
258.095	-0.002
258.301	-0.002
258.714	-0.002
258.920	-0.002
259.436	-0.002
259.539	-0.002
259.745	-0.003
260.055	-0.002
260.261	-0.002
260.467	-0.003
260.777	-0.002
260.880	-0.002
261.396	-0.003
261.499	-0.002
261.602	-0.002
262.014	-0.002
262.324	-0.002
262.530	-0.002
262.737	-0.002
263.046	-0.002
263.355	-0.003
263.665	-0.002
263.871	-0.002
263.974	-0.003
264.387	-0.002
264.490	-0.002
264.696	-0.003
265.006	-0.002
265.315	-0.002
265.522	-0.002
265.728	-0.002
266.141	-0.002
266.347	-0.002
266.553	-0.002
266.966	-0.002
267.172	-0.002
267.482	-0.002
267.688	-0.002
267.997	-0.002
268.307	-0.002
268.616	-0.002
268.719	-0.003
268.926	-0.002
269.235	-0.002
269.338	-0.002
269.648	-0.002
269.957	-0.002
270.267	-0.003
270.370	-0.002
270.782	-0.002
270.989	-0.002
271.401	-0.002
271.504	-0.002
271.814	-0.002
271.917	-0.002
272.433	-0.002
272.742	-0.002
272.845	-0.003
272.949	-0.002
273.258	-0.002
273.464	-0.002
273.877	-0.002
274.290	-0.002
274.393	-0.002
274.496	-0.002
274.805	-0.002
275.012	-0.002
275.218	-0.002
275.631	-0.003
275.940	-0.002
276.353	-0.002
276.353	-0.003
276.662	-0.002
276.972	-0.002
277.075	-0.003
277.487	-0.002
277.694	-0.003
278.003	-0.002
278.209	-0.002
278.519	-0.002
278.725	-0.002
279.035	-0.002
279.241	-0.002
279.550	-0.002
279.757	-0.002
279.963	-0.003
280.272	-0.002
280.479	-0.002
280.685	-0.002
281.098	-0.003
281.304	-0.002
281.510	-0.002
281.820	-0.003
282.232	-0.002
282.129	-0.002
282.542	-0.002
282.851	-0.002
283.161	-0.002
283.367	-0.002
283.780	-0.002
283.780	-0.002
284.089	-0.002
284.295	-0.002
284.708	-0.002
284.811	-0.002
285.224	-0.002
285.533	-0.003
285.739	-0.002
285.946	-0.002
286.358	-0.002
286.255	-0.002
286.668	-0.002
287.080	-0.002
287.080	-0.001
287.390	-0.001
287.699	-0.001
288.112	-0.001
288.318	-0.002
288.628	-0.001
288.834	-0.001
289.040	-0.000
289.350	0.000
289.453	0.001
289.866	0.002
290.072	0.003
290.381	0.003
290.588	0.004
290.794	0.006
291.103	0.008
291.413	0.009
291.619	0.011
291.929	0.014
292.238	0.018
292.444	0.021
292.444	0.024
292.960	0.028
293.373	0.032
293.476	0.037
293.682	0.042
293.992	0.048
294.301	0.053
294.404	0.061
294.611	0.067
295.126	0.072
295.229	0.079
295.642	0.085
295.848	0.091
296.055	0.096
296.261	0.100
296.570	0.104
296.880	0.108
297.086	0.111
297.396	0.113
297.602	0.115
297.808	0.115
298.118	0.115
298.221	0.116
298.634	0.116
298.943	0.116
299.046	0.113
299.252	0.110
299.459	0.107
299.974	0.104
300.181	0.101
300.490	0.097
300.697	0.094
301.006	0.089
301.109	0.084
301.419	0.078
301.728	0.072
301.934	0.067
302.347	0.063
302.347	0.057
302.760	0.053
302.966	0.047
303.172	0.041
303.379	0.037
303.791	0.033
304.101	0.029
304.307	0.024
304.513	0.021
304.823	0.018
305.029	0.015
305.338	0.013
305.648	0.010
305.854	0.008
306.060	0.007
306.370	0.006
306.576	0.005
306.783	0.004
307.195	0.003
307.401	0.002
307.814	0.002
307.814	0.002
308.020	0.001
308.433	0.001
308.846	-0.000
308.846	-0.000
309.155	-0.000
309.465	-0.001
309.877	0.000
309.980	-0.000
310.187	-0.000
310.599	-0.001
310.599	-0.001
311.012	-0.001
311.321	-0.001
311.424	-0.001
311.940	-0.001
312.146	-0.001
312.250	-0.001
312.662	-0.001
312.765	-0.001
313.075	-0.001
313.384	-0.001
313.591	-0.001
313.900	-0.001
314.210	-0.001
314.416	-0.001
314.622	-0.001
314.828	-0.001
315.138	-0.002
315.344	-0.001
315.654	-0.001
316.066	-0.001
316.169	-0.001
316.376	-0.001
316.685	-0.001
316.995	-0.001
317.304	-0.001
317.510	-0.001
317.717	-0.002
318.129	-0.001
318.232	-0.001
318.542	-0.001
318.851	-0.001
319.264	-0.002
319.367	-0.001
319.470	-0.001
319.780	-0.001
320.089	-0.001
320.399	-0.001
320.605	-0.001
320.811	-0.002
320.914	-0.001
321.327	-0.001
321.430	-0.001
321.843	-0.001
322.049	-0.002
322.462	-0.001
322.771	-0.001
322.771	-0.002
323.287	-0.001
323.493	-0.001
323.700	-0.001
324.009	-0.002
324.009	-0.001
324.422	-0.001
324.731	-0.001
324.937	-0.002
325.350	-0.001
325.556	-0.002
325.659	-0.001
325.969	-0.002
326.485	-0.001
326.485	-0.002
326.794	-0.002
327.000	-0.002
327.413	-0.002
327.516	-0.002
328.032	-0.002
328.032	-0.002
328.341	-0.002
328.548	-0.002
328.857	-0.002
328.960	-0.002
329.373	-0.002
329.579	-0.002
329.889	-0.002
330.095	-0.001
330.301	-0.001
330.611	-0.001
330.920	-0.002
330.920	-0.001
331.230	-0.002
331.642	-0.001
331.745	-0.002
332.055	-0.001
332.467	-0.001
332.571	-0.002
332.880	-0.001
333.190	-0.001
333.293	-0.002
333.705	-0.002
333.705	-0.001
334.324	-0.002
334.324	-0.002
334.634	-0.002
334.943	-0.001
335.253	-0.002
335.356	-0.001
335.562	-0.001
335.871	-0.001
336.181	-0.002
336.490	-0.001
336.800	-0.002
336.903	-0.001
337.316	-0.001
337.625	-0.002
337.831	-0.002
337.935	-0.001
338.347	-0.001
338.553	-0.001
338.863	-0.001
339.172	-0.002
339.172	-0.002
339.585	-0.001
339.791	-0.001
340.101	-0.001
340.204	-0.002
340.823	-0.001
340.926	-0.001
341.132	-0.002
341.442	-0.001
341.751	-0.001
341.957	-0.001
342.267	-0.001
342.473	-0.002
342.576	-0.001
343.092	-0.001
343.092	-0.001
343.402	-0.001
343.814	-0.001
344.021	-0.001
344.227	-0.002
344.536	-0.001
344.949	-0.001
345.052	-0.002
345.258	-0.002
345.568	-0.002
345.774	-0.002
346.084	-0.002
346.187	-0.002
346.599	-0.002
347.012	-0.002
347.218	-0.002
347.115	-0.001
347.631	-0.002
348.043	-0.002
348.043	-0.001
348.456	-0.002
348.662	-0.002
348.869	-0.002
349.178	-0.001
349.488	-0.001
349.694	-0.002
349.900	-0.001
350.313	-0.001
350.519	-0.002
350.725	-0.001
350.829	-0.002
351.241	-0.002
351.344	-0.002
351.757	-0.002
352.066	-0.001
352.273	-0.001
352.685	-0.002
352.892	-0.002
352.892	-0.002
353.304	-0.002
353.614	-0.001
353.820	-0.001
354.129	-0.002
354.336	-0.002
354.645	-0.002
354.645	-0.002
355.264	-0.002
355.367	-0.002
355.677	-0.001
355.883	-0.001
356.192	-0.001
356.399	-0.002
356.708	-0.002
357.018	-0.002
357.121	-0.002
357.430	-0.001
357.637	-0.001
357.946	-0.002
358.256	-0.002
358.462	-0.001
358.668	-0.002
358.978	-0.002
359.287	-0.002
359.493	-0.002
359.803	-0.002
360.009	-0.001
360.319	-0.001
360.628	-0.001
360.834	-0.001
361.041	-0.002
361.350	-0.002
361.660	-0.001
362.072	-0.001
362.072	-0.001
362.382	-0.001
362.588	-0.001
362.691	-0.001
363.104	-0.001
363.310	-0.001
363.619	-0.001
363.723	-0.001
364.135	-0.001
364.445	-0.002
364.754	-0.001
364.960	-0.001
365.167	-0.001
365.373	-0.001
365.786	-0.001
365.786	-0.001
366.301	-0.001
366.714	-0.001
366.817	-0.001
367.023	-0.001
367.230	-0.001
367.642	-0.001
367.746	-0.001
368.261	-0.001
368.261	-0.001
368.674	-0.001
368.880	-0.001
368.880	-0.001
369.396	-0.001
369.602	-0.001
369.809	-0.001
370.221	-0.002
370.428	-0.001
370.634	-0.001
370.943	-0.001
371.356	-0.001
371.562	-0.001
371.665	-0.001
371.975	-0.001
372.078	-0.001
372.387	-0.001
372.697	-0.001
372.903	-0.001
373.109	-0.001
373.522	-0.001
373.935	-0.001
374.038	-0.001
374.244	-0.001
374.554	-0.001
374.863	-0.001
374.966	-0.001
375.276	-0.001
375.585	-0.001
375.895	-0.001
376.101	-0.001
376.307	-0.001
376.513	-0.001
377.029	-0.001
377.132	-0.001
377.442	-0.001
377.751	-0.001
377.854	-0.001
378.164	-0.001
378.370	-0.001
378.680	-0.001
378.886	-0.002
379.092	-0.001
379.402	-0.001
379.608	-0.001
379.918	-0.001
380.227	-0.001
380.536	-0.001
380.846	-0.001
380.846	-0.001
381.258	-0.001
381.568	-0.001
381.671	-0.001
381.981	-0.001
382.187	-0.001
382.599	-0.001
382.806	-0.001
383.012	-0.001
383.425	-0.001
383.734	0.000
383.837	-0.001
384.147	-0.001
384.250	-0.001
384.663	-0.001
384.766	-0.001
385.178	-0.001
385.281	-0.001
385.694	-0.000
385.900	-0.001
386.107	-0.001
386.519	-0.001
386.519	-0.001
386.932	-0.000
387.344	-0.000
387.448	-0.000
387.860	-0.000
388.067	-0.000
388.273	0.000
388.376	-0.000
388.789	-0.000
388.892	-0.001
388.995	-0.001
389.511	-0.000
389.820	-0.000
389.923	-0.000
390.233	-0.000
390.439	-0.000
390.955	-0.000
390.955	0.000
391.471	-0.000
391.574	-0.000
391.986	0.000
392.193	0.000
392.193	-0.000
392.605	-0.000
392.915	-0.000
393.224	-0.000
393.327	-0.000
393.843	-0.000
393.843	0.000
394.049	0.001
394.668	0.001
394.668	0.000
394.978	0.000
395.184	0.000
395.390	0.000
395.597	0.000
396.009	0.000
396.216	0.000
396.525	0.000
396.834	0.001
396.938	0.001
397.247	0.000
397.350	0.000
397.660	0.000
397.969	0.001
398.279	0.000
398.588	-0.000
398.691	0.001
398.898	0.001
399.207	0.000
399.516	0.001
399.826	0.001
400.239	0.001
400.239	0.000
400.754	0.001
400.857	0.001
401.064	0.001
401.270	0.001
401.786	0.001
401.992	0.001
402.198	0.001
402.611	0.001
402.714	0.001
402.920	0.002
403.333	0.001
403.436	0.001
403.643	0.001
403.952	0.001
404.158	0.002
404.674	0.002
404.777	0.002
404.984	0.002
405.190	0.002
405.706	0.002
405.912	0.002
406.015	0.002
406.324	0.002
406.428	0.001
406.840	0.002
407.253	0.002
407.459	0.002
407.665	0.002
407.975	0.002
408.078	0.002
408.388	0.002
408.491	0.002
408.903	0.002
409.110	0.002
409.625	0.002
409.729	0.002
409.935	0.002
410.244	0.002
410.554	0.002
410.657	0.003
411.069	0.003
411.276	0.003
411.482	0.003
411.688	0.003
412.204	0.003
412.307	0.002
412.720	0.003
412.823	0.003
413.133	0.003
413.236	0.003
413.648	0.003
413.751	0.004
414.164	0.003
414.474	0.003
414.680	0.003
414.886	0.003
415.196	0.004
415.505	0.004
415.711	0.003
415.918	0.004
416.227	0.003
416.433	0.003
416.743	0.003
416.846	0.004
417.259	0.003
417.465	0.004
417.878	0.004
418.084	0.004
418.290	0.003
418.600	0.003
418.806	0.003
419.012	0.003
419.322	0.004
419.631	0.004
419.631	0.003
420.147	0.004
420.353	0.004
420.456	0.004
420.869	0.004
421.178	0.004
421.282	0.004
421.694	0.004
421.900	0.004
422.107	0.004
422.416	0.004
422.519	0.004
423.035	0.004
423.035	0.004
423.448	0.004
423.654	0.004
423.964	0.005
424.170	0.004
424.376	0.005
424.582	0.004
424.995	0.005
425.305	0.005
425.511	0.004
425.820	0.005
425.923	0.005
426.439	0.005
426.645	0.005
426.749	0.005
427.058	0.005
427.264	0.005
427.677	0.004
427.677	0.005
427.986	0.005
428.399	0.005
428.605	0.005
428.915	0.005
429.121	0.005
429.224	0.005
429.637	0.005
429.946	0.005
430.153	0.005
430.462	0.005
430.565	0.005
430.875	0.005
431.081	0.006
431.390	0.005
431.597	0.006
431.803	0.005
432.216	0.005
432.525	0.005
432.628	0.005
432.938	0.005
433.247	0.005
433.350	0.005
433.763	0.005
433.969	0.005
434.176	0.005
434.588	0.005
434.795	0.006
434.898	0.006
435.207	0.005
435.517	0.005
435.826	0.006
436.032	0.006
436.239	0.005
436.548	0.005
436.754	0.005
436.858	0.005
437.373	0.006
437.580	0.005
437.889	0.006
438.095	0.005
438.302	0.006
438.508	0.005
439.024	0.006
439.127	0.006
439.540	0.005
439.540	0.006
439.952	0.006
440.158	0.005
440.468	0.006
440.777	0.005
440.984	0.006
441.293	0.006
441.396	0.006
442.015	0.006
442.015	0.006
442.118	0.006
442.531	0.006
442.840	0.006
443.047	0.007
443.253	0.006
443.562	0.006
443.769	0.006
443.975	0.006
444.491	0.006
444.491	0.005
444.903	0.006
445.110	0.005
445.213	0.006
445.626	0.006
445.729	0.006
446.141	0.006
446.451	0.006
446.657	0.007
446.760	0.007
447.173	0.006
447.585	0.007
447.689	0.006
447.998	0.006
