END	600	START	420	SCAN SPEED	120	RESPONSE	5	EMISSION0					TEMPERATURE	25									OPERATOR	GPS	REF NO	1	DATE TIME	11-03-2021 15:26:22	SAMPLE	FLU	419.941	0.004
420.560	0.004
420.766	0.004
421.282	0.004
421.385	0.003
421.797	0.004
422.107	0.004
422.416	0.004
422.519	0.003
422.829	0.004
423.035	0.004
423.241	0.004
423.551	0.003
423.757	0.004
423.964	0.004
424.479	0.004
424.789	0.005
424.789	0.004
425.201	0.004
425.408	0.005
425.511	0.005
426.027	0.005
426.336	0.005
426.439	0.004
426.852	0.004
426.955	0.005
427.058	0.005
427.471	0.004
427.677	0.004
427.986	0.004
428.193	0.004
428.605	0.004
428.709	0.004
429.121	0.004
429.121	0.004
429.637	0.005
429.637	0.005
429.946	0.005
430.359	0.004
430.668	0.005
430.772	0.005
431.081	0.005
431.184	0.005
431.597	0.005
431.906	0.005
432.009	0.005
432.422	0.005
432.731	0.005
432.938	0.005
433.247	0.005
433.350	0.005
433.557	0.005
434.072	0.006
433.969	0.005
434.485	0.006
434.691	0.005
434.898	0.005
435.310	0.005
435.310	0.005
435.826	0.006
435.929	0.005
436.239	0.006
436.445	0.005
436.754	0.005
436.961	0.005
437.373	0.005
437.580	0.005
437.786	0.005
437.992	0.005
438.405	0.005
438.508	0.006
438.714	0.005
439.024	0.006
439.436	0.006
439.643	0.005
439.952	0.005
439.952	0.005
440.365	0.005
440.674	0.005
440.881	0.005
441.087	0.005
441.499	0.005
441.603	0.005
441.912	0.005
442.118	0.005
442.531	0.006
442.737	0.006
443.047	0.005
443.253	0.006
443.459	0.005
443.769	0.005
443.872	0.005
444.181	0.006
444.594	0.005
444.903	0.005
445.110	0.006
445.213	0.006
445.626	0.005
445.832	0.006
446.141	0.005
446.244	0.005
446.657	0.005
446.760	0.005
447.173	0.005
447.276	0.005
447.689	0.005
447.998	0.005
448.204	0.005
448.514	0.005
448.617	0.006
448.926	0.006
449.236	0.006
449.545	0.005
449.752	0.005
450.061	0.005
450.267	0.006
450.474	0.005
450.886	0.006
450.886	0.005
451.299	0.006
451.402	0.006
451.815	0.005
452.124	0.006
452.434	0.005
452.640	0.005
452.846	0.005
452.949	0.006
453.362	0.005
453.775	0.005
453.775	0.006
454.084	0.006
454.290	0.005
454.497	0.005
454.909	0.005
455.116	0.004
455.528	0.004
455.838	0.005
456.044	0.005
456.663	0.005
456.972	0.005
456.972	0.005
457.488	0.005
457.694	0.005
457.901	0.005
458.107	0.005
458.416	0.005
458.726	0.005
459.035	0.004
459.035	0.005
459.448	0.005
459.654	0.005
460.067	0.005
460.170	0.005
460.376	0.005
460.789	0.004
461.098	0.005
461.305	0.004
461.614	0.004
461.614	0.005
461.924	0.004
462.130	0.005
462.646	0.004
462.852	0.004
463.161	0.005
463.265	0.004
463.574	0.005
463.780	0.004
463.987	0.005
464.296	0.004
464.606	0.004
464.812	0.004
465.121	0.004
465.224	0.005
465.843	0.004
465.740	0.004
466.153	0.004
466.256	0.004
466.772	0.004
467.081	0.004
467.287	0.004
467.287	0.004
467.803	0.004
468.010	0.003
468.422	0.004
468.422	0.004
468.732	0.004
468.835	0.004
469.351	0.004
469.557	0.004
469.763	0.003
469.866	0.004
470.485	0.004
470.485	0.004
470.692	0.004
471.001	0.003
471.310	0.003
471.414	0.003
471.826	0.003
472.136	0.004
472.342	0.004
472.548	0.004
472.961	0.003
473.064	0.003
473.477	0.003
473.580	0.003
473.889	0.003
473.992	0.003
474.508	0.003
474.508	0.003
474.921	0.003
475.024	0.003
475.540	0.003
475.643	0.003
475.952	0.003
476.159	0.003
476.468	0.003
476.778	0.003
476.881	0.003
477.190	0.003
477.500	0.003
477.912	0.003
478.015	0.003
478.222	0.003
478.428	0.003
478.737	0.003
479.150	0.003
479.356	0.003
479.459	0.003
479.769	0.003
480.078	0.003
480.285	0.003
480.594	0.002
480.800	0.003
480.904	0.002
481.213	0.002
481.626	0.002
481.935	0.003
482.038	0.003
482.348	0.002
482.657	0.002
482.760	0.002
483.173	0.002
483.379	0.002
483.689	0.002
483.998	0.002
484.204	0.002
484.411	0.002
484.720	0.003
484.823	0.002
485.236	0.002
485.442	0.002
485.752	0.002
485.855	0.002
486.164	0.002
486.577	0.002
486.680	0.002
486.990	0.002
487.299	0.002
487.505	0.002
487.815	0.002
488.021	0.002
488.124	0.002
488.434	0.002
488.949	0.002
488.949	0.002
489.362	0.002
489.568	0.002
489.981	0.002
490.084	0.002
490.497	0.002
490.600	0.002
491.013	0.001
491.322	0.001
491.425	0.001
491.528	0.001
491.941	0.001
492.147	0.000
492.457	0.001
492.560	0.001
492.869	0.001
493.076	0.001
493.591	0.001
493.694	0.001
493.901	0.001
494.313	0.002
494.726	0.001
494.623	0.001
495.035	0.001
495.139	0.001
495.448	0.001
495.861	0.001
496.067	0.001
496.170	0.001
496.583	0.001
496.789	0.001
497.202	0.000
497.305	0.000
497.717	0.001
498.027	0.000
498.233	0.000
498.439	0.000
498.646	0.000
498.852	0.001
499.058	0.001
499.368	0.000
499.677	0.000
499.884	0.001
500.193	0.000
500.296	0.000
500.812	0.000
501.121	0.000
501.225	0.000
501.431	0.000
501.740	0.001
502.050	0.000
502.153	0.001
502.462	0.001
502.875	0.000
502.978	0.001
503.184	0.000
503.391	0.000
503.907	-0.000
504.010	0.000
504.422	0.000
504.525	0.001
504.835	0.000
505.041	0.000
505.351	0.000
505.660	0.000
505.970	-0.000
505.970	0.000
506.382	-0.000
506.589	-0.000
506.795	-0.000
507.207	-0.001
507.414	-0.000
507.517	0.000
508.033	0.000
508.136	-0.000
508.548	-0.000
508.548	-0.000
509.064	0.000
509.167	0.000
509.477	-0.000
509.683	-0.000
510.096	-0.000
510.199	-0.000
510.508	-0.000
510.611	0.000
511.024	-0.000
511.127	-0.000
511.334	-0.000
511.746	-0.000
512.159	-0.000
512.159	-0.000
512.674	-0.000
512.778	-0.000
512.984	0.000
513.397	-0.000
513.706	-0.000
513.912	-0.001
514.222	-0.001
514.222	0.000
514.738	-0.001
514.944	0.000
515.253	-0.000
515.460	-0.000
515.666	-0.000
515.975	-0.001
516.079	-0.001
516.388	-0.000
516.801	-0.001
517.007	-0.001
517.110	-0.000
517.523	-0.001
517.832	-0.001
518.038	-0.000
518.142	-0.001
518.451	-0.001
518.657	-0.001
519.070	-0.001
519.379	-0.001
519.586	-0.001
519.895	-0.001
519.998	-0.001
520.308	-0.001
520.617	0.000
520.927	-0.001
521.133	-0.001
521.339	-0.001
521.546	-0.001
521.958	-0.001
522.268	-0.001
522.474	-0.001
522.680	-0.001
522.990	-0.001
523.299	-0.001
523.505	-0.001
523.712	-0.001
524.021	-0.001
524.331	-0.001
524.434	-0.001
524.950	-0.002
525.053	-0.001
525.259	-0.001
525.465	-0.001
525.672	-0.001
525.981	-0.001
526.291	-0.001
526.600	-0.001
526.806	-0.001
527.116	-0.001
527.425	-0.001
527.632	-0.001
527.838	-0.001
528.147	-0.001
528.354	-0.001
528.560	-0.001
528.766	-0.001
529.179	-0.001
529.179	-0.001
529.488	-0.001
529.695	-0.001
530.107	-0.001
530.314	-0.001
530.623	-0.001
530.932	-0.001
531.139	-0.001
531.242	-0.002
531.655	-0.001
532.067	-0.001
532.273	-0.001
532.377	-0.001
532.789	-0.001
532.995	-0.001
533.202	-0.001
533.408	-0.001
533.821	-0.001
534.130	-0.001
534.233	-0.001
534.336	-0.001
534.749	-0.001
535.059	-0.001
535.368	-0.001
535.471	-0.001
535.677	-0.001
536.090	-0.001
536.400	-0.001
536.400	-0.001
536.812	-0.001
537.018	-0.001
537.225	-0.001
537.534	-0.001
537.844	-0.001
538.050	-0.001
538.256	-0.001
538.566	-0.001
538.772	-0.001
539.185	-0.001
539.391	-0.001
539.597	-0.001
540.010	-0.001
540.113	-0.001
540.526	-0.001
540.629	-0.002
540.938	-0.001
541.248	-0.001
541.454	-0.001
541.763	-0.001
541.970	-0.001
542.176	-0.001
542.486	-0.002
542.692	-0.001
543.001	-0.001
543.208	-0.001
543.414	-0.001
543.723	-0.001
543.930	-0.001
544.239	-0.002
544.445	-0.001
544.755	-0.001
545.167	-0.001
545.271	-0.001
545.477	-0.001
545.683	-0.001
546.096	-0.001
546.302	-0.001
546.715	-0.001
546.715	-0.001
547.127	-0.001
547.437	-0.001
547.746	-0.001
547.849	-0.001
548.262	-0.001
548.262	-0.001
548.778	-0.001
548.778	-0.002
549.087	-0.001
549.397	-0.001
549.809	-0.001
549.912	-0.001
550.325	-0.001
550.428	-0.001
550.738	-0.001
550.944	-0.001
551.357	-0.001
551.563	-0.001
551.563	-0.001
551.976	-0.001
552.388	-0.001
552.491	-0.001
552.801	-0.001
552.904	-0.002
553.213	-0.002
553.523	-0.002
553.935	-0.001
554.039	-0.001
554.245	-0.002
554.554	-0.001
554.967	-0.002
555.070	-0.002
555.380	-0.001
555.689	-0.001
555.895	-0.001
556.102	-0.001
556.411	-0.001
556.411	-0.002
556.824	-0.002
557.030	-0.002
557.133	-0.001
557.649	-0.001
557.958	-0.001
558.165	-0.002
558.577	-0.001
558.784	-0.002
558.990	-0.002
559.196	-0.001
559.402	-0.001
559.712	-0.001
560.228	-0.001
560.228	-0.002
560.537	-0.001
560.847	-0.001
561.053	-0.002
561.156	-0.002
561.569	-0.002
561.672	-0.001
561.981	-0.002
562.394	-0.001
562.600	-0.001
562.703	-0.001
563.013	-0.002
563.322	-0.001
563.735	-0.002
563.838	-0.002
564.251	-0.002
564.354	-0.002
564.766	-0.001
564.870	-0.002
565.179	-0.002
565.282	-0.002
565.592	-0.002
565.901	-0.002
566.107	-0.002
566.314	-0.002
566.623	-0.002
566.829	-0.001
567.139	-0.002
567.448	-0.002
567.758	-0.002
567.861	-0.001
568.170	-0.002
568.377	-0.002
568.892	-0.002
568.996	-0.001
569.305	-0.001
569.408	-0.002
569.718	-0.001
569.924	-0.001
570.233	-0.002
570.646	-0.002
570.749	-0.002
571.059	-0.001
571.471	-0.002
571.574	-0.001
571.884	-0.002
572.090	-0.002
572.503	-0.002
572.503	-0.002
572.915	-0.002
573.019	-0.002
573.225	-0.002
573.534	-0.002
574.050	-0.002
574.050	-0.002
574.463	-0.002
574.566	-0.002
574.978	-0.002
575.185	-0.002
575.391	-0.002
575.597	-0.002
576.113	-0.001
576.216	-0.002
576.526	-0.001
576.732	-0.001
577.042	-0.002
577.351	-0.002
577.557	-0.002
577.867	-0.002
577.970	-0.002
578.176	-0.002
578.692	-0.002
578.692	-0.002
579.105	-0.002
579.311	-0.002
579.517	-0.002
579.827	-0.001
580.239	-0.002
580.342	-0.001
580.755	-0.001
580.858	-0.001
581.271	-0.001
581.374	-0.001
581.787	-0.001
581.890	-0.001
582.302	-0.002
582.302	-0.002
582.715	-0.002
582.818	-0.002
583.231	-0.002
583.437	-0.002
583.643	-0.002
583.850	-0.002
584.262	-0.002
584.468	-0.002
584.778	-0.002
585.087	-0.002
585.191	-0.002
585.397	-0.002
585.913	-0.002
586.119	-0.002
586.222	-0.002
586.532	-0.002
586.738	-0.002
586.944	-0.002
587.460	-0.002
587.563	-0.002
587.873	-0.002
588.182	-0.002
588.285	-0.002
588.491	-0.002
588.801	-0.003
589.007	-0.002
589.317	-0.002
589.626	-0.002
589.936	-0.002
590.039	-0.002
590.348	-0.002
590.554	-0.002
591.070	-0.002
591.173	-0.002
591.483	-0.002
591.792	-0.002
591.792	-0.002
592.411	-0.002
592.514	-0.002
592.618	-0.002
593.030	-0.002
593.133	-0.002
593.443	-0.002
593.649	-0.002
594.062	-0.002
594.165	-0.002
594.371	-0.002
594.784	-0.001
594.990	-0.002
595.196	-0.002
595.815	-0.002
595.815	-0.002
596.022	-0.002
596.331	-0.002
596.640	-0.001
596.744	-0.002
597.053	-0.002
597.363	-0.002
597.569	-0.002
597.878	-0.002
597.981	-0.002
598.291	-0.002
598.497	-0.001
598.807	-0.002
599.116	-0.002
599.426	-0.002
599.632	-0.002
599.838	-0.002
600.044	-0.002
600.457	-0.002
600.663	-0.002
600.973	-0.002
601.179	-0.002
601.385	-0.002
601.695	-0.002
601.901	-0.003
602.108	-0.002
602.417	-0.002
602.623	-0.002
602.933	-0.002
603.139	-0.002
603.345	-0.002
603.861	-0.002
603.964	-0.002
604.274	-0.002
604.583	-0.002
604.789	-0.002
605.099	-0.002
605.408	-0.001
605.512	-0.002
605.821	-0.002
606.027	-0.002
606.130	-0.001
