END	400	START	200	SCAN SPEED	120	RESPONSE	5	EMISSION0					TEMPERATURE	25									OPERATOR	GPS	REF NO	1	DATE TIME	11-03-2021 15:39:40	SAMPLE	FLU	199.195	-0.002
199.814	-0.002
200.433	-0.002
200.639	-0.002
200.639	-0.002
201.155	-0.002
201.361	-0.002
201.670	-0.002
201.877	-0.002
202.186	-0.002
202.496	-0.002
202.702	-0.002
202.908	-0.002
203.218	-0.002
203.424	-0.002
203.733	-0.002
203.940	-0.002
204.249	-0.002
204.352	-0.002
204.765	-0.002
204.765	-0.002
205.281	-0.002
205.590	-0.002
205.693	-0.002
205.796	-0.002
206.106	-0.003
206.622	-0.002
206.725	-0.002
206.931	-0.002
207.344	-0.003
207.653	-0.002
207.860	-0.002
208.169	-0.002
208.375	-0.002
208.478	-0.002
208.788	-0.002
209.200	-0.002
209.304	-0.002
209.716	-0.002
209.923	-0.002
210.129	-0.002
210.335	-0.002
210.645	-0.002
210.851	-0.002
211.057	-0.002
211.367	-0.002
211.882	-0.002
211.986	-0.002
212.398	-0.002
212.501	-0.003
212.811	-0.002
212.914	-0.002
213.120	-0.002
213.533	-0.002
213.739	-0.002
213.842	-0.002
214.152	-0.002
214.564	-0.002
214.874	-0.002
214.977	-0.002
215.286	-0.002
215.493	-0.003
215.905	-0.002
216.009	-0.002
216.627	-0.002
216.834	-0.002
217.143	-0.002
217.453	-0.002
217.762	-0.002
217.968	-0.002
217.968	-0.002
218.690	-0.002
218.690	-0.003
219.000	-0.002
219.206	-0.002
219.413	-0.002
219.825	-0.003
219.825	-0.002
220.238	-0.002
220.341	-0.002
220.754	-0.002
221.063	-0.002
221.269	-0.002
221.579	-0.002
221.785	-0.002
221.991	-0.002
222.404	-0.002
222.713	-0.002
222.817	-0.002
223.126	-0.002
223.332	-0.002
223.539	-0.002
223.745	-0.002
224.158	-0.002
224.364	-0.002
224.570	-0.002
224.880	-0.003
225.292	-0.002
225.395	-0.002
225.705	-0.003
226.014	-0.002
226.221	-0.002
226.427	-0.002
226.736	-0.002
226.943	-0.002
227.355	-0.002
227.562	-0.002
227.562	-0.002
227.974	-0.002
228.181	-0.002
228.490	-0.002
228.799	-0.002
229.006	-0.002
229.418	-0.003
229.521	-0.002
229.934	-0.002
230.140	-0.002
230.450	-0.002
230.656	-0.002
230.759	-0.002
231.172	-0.002
231.481	-0.003
231.585	-0.002
231.791	-0.002
232.203	-0.002
232.307	-0.002
232.616	-0.002
232.822	-0.002
233.235	-0.002
233.544	-0.002
233.648	-0.002
233.957	-0.002
234.163	-0.002
234.473	-0.002
234.679	-0.002
234.885	-0.002
235.298	-0.002
235.607	-0.002
235.711	-0.002
236.226	-0.002
236.123	-0.002
236.536	-0.002
236.742	-0.002
237.155	-0.002
237.361	-0.002
237.671	-0.002
237.774	-0.002
238.289	-0.002
238.289	-0.002
238.702	-0.002
238.805	-0.003
239.218	-0.002
239.424	-0.003
239.837	-0.002
239.940	-0.002
240.352	-0.002
240.456	-0.002
240.765	-0.002
240.868	-0.002
241.281	-0.002
241.384	-0.002
241.900	-0.002
242.106	-0.002
242.209	-0.002
242.519	-0.002
242.828	-0.002
243.034	-0.002
243.241	-0.002
243.550	-0.002
243.860	-0.002
244.066	-0.002
244.272	-0.002
244.582	-0.002
244.891	-0.002
245.097	-0.002
245.510	-0.002
245.510	-0.002
245.923	-0.002
246.026	-0.002
246.335	-0.002
246.645	-0.002
246.954	-0.002
247.057	-0.002
247.573	-0.002
247.676	-0.002
247.883	-0.002
248.089	-0.002
248.605	-0.002
248.502	-0.002
249.120	-0.002
249.224	-0.002
249.430	-0.002
249.739	-0.002
250.152	-0.003
250.255	-0.002
250.668	-0.002
250.874	-0.002
251.183	-0.002
251.390	-0.002
251.699	-0.003
251.802	-0.002
252.215	-0.002
252.421	-0.002
252.628	-0.002
252.834	-0.003
253.143	-0.002
253.350	-0.002
253.762	-0.002
253.969	-0.002
254.278	-0.003
254.484	-0.003
254.794	-0.002
254.794	-0.002
255.103	-0.002
255.516	-0.002
255.722	-0.002
256.032	-0.002
256.238	-0.002
256.547	-0.002
256.754	-0.002
256.651	-0.002
257.373	-0.002
257.579	-0.002
257.785	-0.002
257.888	-0.002
258.198	-0.002
258.404	-0.002
258.817	-0.002
258.920	-0.002
259.436	-0.002
259.539	-0.002
259.848	-0.002
259.951	-0.002
260.261	-0.002
260.467	-0.002
260.880	-0.002
260.983	-0.002
261.292	-0.002
261.705	-0.002
261.911	-0.002
262.014	-0.002
262.324	-0.002
262.633	-0.002
262.943	-0.002
263.149	-0.002
263.459	-0.002
263.871	-0.002
263.871	-0.002
264.181	-0.002
264.387	-0.002
264.696	-0.002
265.006	-0.002
265.212	-0.002
265.522	-0.002
265.728	-0.002
265.934	-0.002
266.244	-0.002
266.553	-0.002
266.759	-0.002
266.863	-0.002
267.275	-0.002
267.585	-0.002
267.791	-0.002
268.100	-0.002
268.204	-0.003
268.513	-0.002
268.926	-0.002
269.235	-0.002
269.235	-0.002
269.545	-0.002
269.854	-0.002
270.267	-0.001
270.473	-0.002
270.473	-0.002
270.886	-0.002
271.298	-0.002
271.298	-0.002
271.504	-0.002
271.814	-0.002
272.227	-0.003
272.330	-0.002
272.639	-0.002
272.845	-0.002
273.155	-0.002
273.361	-0.002
273.774	-0.002
273.980	-0.002
274.186	-0.002
274.599	-0.002
274.805	-0.002
274.908	-0.002
275.218	-0.002
275.424	-0.002
275.631	-0.002
275.940	-0.002
276.249	-0.002
276.456	-0.002
276.765	-0.002
276.972	-0.002
277.281	-0.002
277.487	-0.001
277.694	-0.002
278.003	-0.003
278.416	-0.002
278.622	-0.002
278.828	-0.002
279.138	-0.002
279.447	-0.002
279.653	-0.002
279.860	-0.002
280.169	-0.002
280.272	-0.001
280.582	-0.002
280.891	-0.001
281.098	-0.001
281.407	-0.001
281.820	-0.001
282.026	-0.001
282.129	-0.001
282.542	-0.001
282.748	-0.001
283.058	-0.001
283.161	-0.001
283.573	-0.001
283.676	-0.001
284.089	-0.001
284.192	-0.001
284.502	-0.001
284.708	-0.001
285.224	-0.001
285.327	-0.001
285.636	-0.001
286.049	-0.001
286.152	-0.001
286.255	-0.001
286.668	-0.001
286.977	-0.001
287.287	-0.001
287.287	-0.001
287.803	0.000
288.009	-0.000
288.215	-0.000
288.421	0.000
288.731	0.001
288.937	0.002
289.247	0.003
289.453	0.005
289.866	0.006
289.969	0.008
290.278	0.010
290.588	0.013
290.897	0.016
290.897	0.020
291.310	0.023
291.619	0.029
291.929	0.035
292.135	0.040
292.444	0.047
292.651	0.055
292.857	0.063
293.270	0.074
293.476	0.084
293.682	0.094
293.992	0.105
294.301	0.117
294.507	0.129
294.920	0.140
295.126	0.152
295.229	0.162
295.539	0.174
295.539	0.184
296.055	0.191
296.158	0.200
296.570	0.206
296.674	0.210
296.880	0.214
297.086	0.216
297.602	0.217
297.808	0.216
298.118	0.213
298.221	0.211
298.530	0.208
298.840	0.203
299.149	0.197
299.356	0.193
299.562	0.187
299.665	0.178
300.078	0.171
300.284	0.162
300.697	0.154
300.697	0.147
301.212	0.137
301.419	0.128
301.522	0.119
301.831	0.109
302.244	0.099
302.244	0.090
302.656	0.080
302.863	0.071
303.069	0.063
303.379	0.055
303.791	0.050
303.997	0.043
304.204	0.036
304.410	0.032
304.719	0.027
305.029	0.023
305.235	0.019
305.545	0.016
305.751	0.013
305.854	0.010
306.267	0.009
306.576	0.007
306.783	0.005
307.092	0.004
307.401	0.004
307.711	0.003
307.814	0.002
308.124	0.002
308.433	0.002
308.742	0.001
308.846	0.001
309.052	0.001
309.465	0.001
309.671	0.001
309.980	0.001
310.187	0.000
310.496	0.001
310.805	0.000
311.012	0.000
311.115	-0.000
311.321	-0.000
311.734	-0.000
311.940	-0.000
312.353	-0.000
312.559	-0.000
312.662	-0.000
313.178	-0.000
313.281	-0.000
313.487	0.000
313.694	-0.000
314.003	-0.001
314.313	-0.000
314.416	0.000
314.725	-0.000
315.138	-0.000
315.241	-0.001
315.654	-0.001
315.963	-0.001
316.169	-0.001
316.273	-0.001
316.685	-0.001
316.788	-0.001
317.098	-0.000
317.304	-0.000
317.820	-0.000
318.026	-0.001
318.129	-0.000
318.336	-0.001
318.851	-0.001
318.851	-0.001
319.161	-0.001
319.573	-0.001
319.780	-0.001
319.986	-0.001
320.295	-0.001
320.399	-0.001
320.708	-0.001
321.018	-0.001
321.327	-0.001
321.327	-0.001
321.740	-0.001
322.255	-0.001
322.255	-0.001
322.462	-0.001
322.874	-0.001
323.081	-0.001
323.390	-0.001
323.700	-0.001
323.906	-0.001
324.112	-0.001
324.318	-0.001
324.731	-0.001
324.937	-0.002
325.144	-0.001
325.453	-0.001
325.556	-0.001
325.866	-0.001
325.969	-0.001
326.485	-0.001
326.794	-0.001
326.897	-0.001
327.207	-0.002
327.516	-0.001
327.619	-0.001
327.929	-0.001
328.135	-0.001
328.445	-0.001
328.651	-0.001
328.857	-0.001
329.270	-0.001
329.476	-0.001
329.682	-0.001
330.095	-0.001
330.301	-0.001
330.301	-0.001
330.920	-0.001
331.126	-0.001
331.230	-0.001
331.539	-0.002
331.745	-0.001
332.158	-0.001
332.261	-0.001
332.571	-0.001
332.777	-0.001
333.190	-0.001
333.293	-0.001
333.705	-0.001
333.808	-0.001
334.221	-0.001
334.221	-0.001
334.634	-0.001
334.840	-0.001
335.149	-0.001
335.459	-0.001
335.562	-0.001
335.871	-0.001
336.387	-0.001
336.284	-0.001
336.800	-0.001
336.800	-0.001
337.419	-0.001
337.316	-0.001
337.625	-0.001
337.935	-0.001
338.244	-0.001
338.450	-0.001
338.760	-0.001
339.172	-0.001
339.172	-0.001
339.585	-0.001
339.894	-0.001
340.101	-0.001
340.307	-0.001
340.513	-0.001
340.926	-0.001
340.823	-0.001
341.442	-0.001
341.545	-0.001
341.957	-0.001
342.267	-0.001
342.473	-0.001
342.680	-0.001
342.886	-0.001
343.402	-0.001
343.402	-0.001
343.505	-0.001
343.814	-0.001
344.124	-0.001
344.433	-0.001
344.639	-0.001
344.846	-0.001
345.361	-0.002
345.465	-0.002
345.671	-0.001
346.084	-0.001
346.084	-0.001
346.599	-0.001
346.702	-0.001
347.115	-0.001
347.218	-0.001
347.631	-0.001
347.631	-0.001
348.147	-0.002
348.353	-0.001
348.662	-0.001
348.766	-0.001
349.075	-0.001
349.384	-0.001
349.694	-0.001
350.107	-0.001
350.107	-0.001
350.210	-0.001
350.725	-0.000
350.932	-0.001
351.241	-0.001
351.241	-0.001
351.963	-0.001
351.963	-0.001
352.273	-0.001
352.273	-0.001
352.788	-0.001
352.995	-0.001
353.304	-0.001
353.717	-0.001
353.820	-0.001
354.026	-0.001
354.336	-0.001
354.645	-0.001
354.955	-0.001
355.058	-0.001
355.367	-0.001
355.574	-0.001
355.677	-0.001
356.192	-0.001
356.399	-0.001
356.811	-0.001
356.915	-0.001
357.327	-0.001
357.430	-0.001
357.430	-0.001
357.946	-0.001
358.256	-0.001
358.462	-0.001
358.668	-0.001
358.874	-0.001
359.287	-0.002
359.287	-0.001
359.803	-0.001
360.009	-0.001
360.112	-0.001
360.628	-0.001
360.834	-0.001
361.041	-0.001
361.247	-0.001
361.556	-0.001
361.763	-0.001
361.969	-0.001
362.072	-0.001
362.691	-0.001
363.001	-0.001
363.207	-0.001
363.310	-0.001
363.516	-0.001
363.723	-0.001
364.032	-0.001
364.342	-0.001
364.651	-0.001
364.960	-0.002
365.167	-0.001
365.373	-0.001
365.579	-0.001
365.889	-0.001
366.198	-0.001
366.508	-0.001
366.508	-0.001
367.230	-0.001
367.333	-0.001
367.539	-0.001
367.642	-0.002
368.158	-0.001
368.261	-0.001
368.571	-0.001
368.880	-0.001
368.983	-0.001
369.293	-0.001
369.705	-0.001
369.809	-0.001
370.221	-0.001
370.428	-0.001
370.737	-0.001
370.943	-0.001
371.150	-0.001
371.356	-0.001
371.562	-0.002
371.872	-0.001
372.181	-0.001
372.284	-0.001
372.594	-0.001
372.903	-0.001
373.316	-0.001
373.522	-0.001
373.522	-0.001
373.832	-0.001
374.347	-0.001
374.450	-0.001
374.760	-0.001
374.966	-0.001
375.276	-0.001
375.585	-0.001
375.688	-0.001
375.998	-0.001
376.410	-0.001
376.513	-0.001
376.720	-0.001
377.029	-0.001
377.132	-0.001
377.648	-0.001
377.958	-0.001
378.164	-0.001
378.370	-0.001
378.577	-0.001
378.783	-0.001
378.989	-0.001
379.402	-0.001
379.608	-0.001
379.918	-0.001
380.124	-0.001
380.330	-0.001
380.743	-0.001
380.846	-0.001
381.258	-0.001
381.465	-0.001
381.671	-0.002
382.084	-0.001
382.290	-0.001
382.496	-0.001
382.806	-0.001
383.012	-0.001
383.322	-0.001
383.425	-0.001
383.734	-0.001
384.044	-0.001
384.250	-0.001
384.456	-0.001
384.766	-0.001
385.075	-0.001
385.385	-0.001
385.488	-0.001
385.797	-0.001
386.003	-0.001
386.313	-0.001
386.622	-0.001
386.829	-0.001
387.241	-0.001
387.344	-0.001
387.448	-0.001
387.963	-0.001
388.170	-0.001
388.479	-0.001
388.582	-0.001
388.892	-0.001
389.098	-0.001
389.511	-0.001
389.614	-0.001
390.026	-0.001
390.233	-0.001
390.542	-0.000
390.748	-0.001
391.058	-0.001
391.471	-0.001
391.574	-0.001
391.986	-0.001
392.089	-0.001
392.502	-0.001
392.708	-0.001
393.018	-0.001
393.534	-0.001
393.740	-0.001
393.946	-0.001
394.049	-0.001
394.359	-0.001
394.565	-0.001
394.875	-0.001
395.081	-0.001
395.494	-0.001
395.597	-0.001
396.009	-0.001
396.112	-0.001
396.525	-0.001
396.731	-0.001
397.041	-0.001
397.247	-0.001
397.557	-0.000
397.763	-0.001
397.969	-0.001
398.279	-0.001
398.588	-0.001
398.691	-0.001
399.001	-0.001
399.207	-0.001
399.516	-0.001
399.723	-0.001
400.135	-0.001
400.239	-0.001
400.651	-0.001
400.754	-0.001
400.961	-0.001
401.167	-0.001
401.579	-0.001
401.889	-0.001
402.095	-0.001
402.405	-0.001
402.714	-0.001
402.817	-0.001
403.230	-0.001
403.333	-0.001
403.643	-0.001
403.849	-0.001
404.365	-0.001
404.468	-0.001
404.777	-0.001
404.880	-0.001
405.396	-0.000
405.499	-0.000
405.912	-0.001
406.221	-0.001
406.428	-0.001
406.737	-0.001
406.840	-0.000
