END	600	START	420	SCAN SPEED	120	RESPONSE	5	EMISSION0					TEMPERATURE	25									OPERATOR	GPS	REF NO	1	DATE TIME	11-03-2021 15:34:17	SAMPLE	FLU	419.528	-0.001
420.456	-0.001
420.869	-0.001
421.075	-0.001
421.385	-0.001
421.591	-0.001
421.900	-0.001
422.313	-0.001
422.313	-0.001
422.623	-0.001
422.932	-0.001
423.138	-0.001
423.345	-0.001
423.757	-0.002
423.964	-0.001
424.273	-0.001
424.479	-0.001
424.892	-0.001
424.995	-0.001
425.098	-0.001
425.511	-0.001
425.717	-0.001
426.130	-0.001
426.439	-0.001
426.645	-0.001
426.749	-0.001
427.058	-0.001
427.471	-0.001
427.677	-0.001
427.883	-0.001
428.090	-0.001
428.399	-0.001
428.709	-0.001
429.018	-0.001
429.327	-0.001
429.534	-0.001
429.740	-0.001
430.050	-0.001
430.153	-0.001
430.565	-0.001
430.875	-0.001
431.081	-0.001
431.287	-0.001
431.597	-0.001
431.803	-0.001
431.906	-0.001
432.319	-0.001
432.525	-0.001
432.835	-0.001
433.144	-0.001
433.454	-0.001
433.660	-0.001
433.763	-0.001
434.382	-0.001
434.382	-0.001
434.795	-0.001
435.001	-0.001
435.310	-0.001
435.517	-0.001
435.826	-0.001
436.032	-0.001
436.342	-0.001
436.548	-0.001
436.858	-0.001
437.064	-0.001
437.373	-0.001
437.476	-0.001
437.786	-0.001
438.095	-0.001
438.199	-0.001
438.714	-0.001
439.024	-0.001
439.127	-0.001
439.436	-0.001
439.540	-0.001
440.055	-0.001
440.262	-0.001
440.468	-0.001
440.674	-0.001
440.984	-0.001
441.087	-0.001
441.603	-0.001
441.706	-0.001
442.015	-0.001
442.221	-0.001
442.531	-0.001
442.840	-0.001
442.944	-0.001
443.459	-0.001
443.459	-0.001
443.872	-0.001
444.078	-0.001
444.491	-0.001
444.594	-0.001
444.903	-0.001
445.213	-0.001
445.213	-0.001
445.626	-0.001
445.935	-0.001
446.141	-0.001
446.451	-0.000
446.760	-0.001
447.070	-0.001
447.173	-0.001
447.585	-0.001
447.895	-0.001
447.998	-0.001
448.307	-0.001
448.720	-0.001
448.720	-0.001
449.236	-0.001
449.339	-0.001
449.752	-0.001
449.958	-0.001
450.267	-0.001
450.371	-0.001
450.680	-0.001
450.886	-0.001
451.196	-0.001
451.402	-0.001
451.815	-0.001
452.124	-0.001
452.330	-0.001
452.537	-0.001
452.743	-0.001
452.949	-0.001
453.362	-0.001
453.878	-0.000
453.878	-0.001
454.290	-0.001
454.393	-0.001
454.703	-0.001
455.219	-0.001
455.631	-0.001
455.941	-0.000
456.353	-0.001
456.457	-0.001
456.663	-0.001
456.972	-0.001
457.385	-0.001
457.488	-0.000
457.797	-0.001
458.004	-0.001
458.313	-0.001
458.623	-0.001
458.932	-0.001
459.035	-0.001
459.345	-0.001
459.654	-0.001
459.861	-0.001
460.273	-0.001
460.273	-0.001
460.686	-0.001
460.995	-0.001
461.098	-0.001
461.202	-0.001
461.614	-0.001
461.924	-0.001
462.233	-0.001
462.439	-0.001
462.749	-0.001
462.852	-0.001
463.161	-0.001
463.574	-0.001
463.677	-0.001
464.090	-0.001
464.193	-0.001
464.606	-0.001
464.709	-0.001
465.018	-0.001
465.328	-0.001
465.740	-0.001
466.050	-0.001
466.050	-0.001
466.256	-0.001
466.669	-0.001
466.875	-0.001
467.184	-0.001
467.287	-0.001
467.700	-0.001
467.906	-0.001
468.319	-0.001
468.628	-0.001
468.732	-0.001
468.835	-0.001
469.351	-0.001
469.557	-0.000
469.866	-0.001
470.073	-0.001
470.382	-0.001
470.485	-0.001
470.898	-0.001
471.001	-0.001
471.310	-0.001
471.826	-0.001
471.826	-0.001
471.929	-0.001
472.548	-0.002
472.755	-0.001
472.858	-0.001
473.270	-0.001
473.580	-0.001
473.683	-0.001
473.992	-0.002
474.199	-0.001
474.611	-0.001
474.818	-0.001
475.127	-0.001
475.333	-0.001
475.437	-0.001
475.746	-0.001
476.055	-0.001
476.468	-0.001
476.571	-0.001
476.778	-0.001
477.087	-0.001
477.500	-0.001
477.500	-0.001
478.015	-0.001
478.118	-0.001
478.531	-0.001
478.737	-0.001
478.944	-0.001
479.150	-0.001
479.666	-0.001
479.666	-0.001
479.975	-0.001
480.285	-0.001
480.491	-0.001
480.697	-0.001
481.213	-0.001
481.213	-0.001
481.419	-0.001
481.729	-0.001
482.141	-0.001
482.245	-0.001
482.554	-0.001
482.760	-0.001
483.173	-0.001
483.379	-0.001
483.689	-0.001
483.895	-0.001
484.204	-0.001
484.514	-0.001
484.617	-0.001
484.823	-0.001
485.133	-0.001
485.752	-0.001
485.752	-0.001
485.855	-0.002
486.164	-0.001
486.577	-0.001
486.783	-0.001
486.990	-0.001
487.299	-0.001
487.505	-0.001
487.918	-0.001
488.021	-0.001
488.227	-0.001
488.434	-0.001
488.949	-0.001
489.259	-0.001
489.465	-0.001
489.568	-0.001
489.981	-0.001
490.084	-0.001
490.394	-0.001
490.806	-0.001
490.909	-0.001
491.322	-0.001
491.425	-0.001
491.735	-0.001
492.044	-0.001
492.147	-0.001
492.457	-0.001
492.766	-0.001
493.179	-0.001
493.488	-0.001
493.488	-0.001
493.694	-0.001
494.004	-0.001
494.313	-0.001
494.623	-0.001
494.932	-0.001
495.139	-0.001
495.448	-0.001
495.758	-0.001
495.964	-0.001
496.170	-0.001
496.583	-0.001
496.789	-0.001
496.995	-0.001
497.305	-0.001
497.511	-0.001
497.821	-0.001
498.130	-0.001
498.336	-0.001
498.543	-0.001
498.749	-0.001
499.265	-0.001
499.471	-0.001
499.780	-0.001
500.090	-0.001
500.296	-0.001
500.296	-0.001
500.812	-0.001
500.915	-0.001
501.225	-0.001
501.431	-0.001
501.740	-0.001
501.947	-0.001
502.256	-0.001
502.462	-0.001
502.875	-0.002
502.875	-0.001
503.494	-0.001
503.494	-0.001
503.803	-0.002
504.113	-0.001
504.525	-0.002
504.525	-0.001
504.938	-0.001
505.144	-0.001
505.454	-0.001
505.763	-0.001
506.073	-0.001
506.279	-0.002
506.485	-0.001
506.589	-0.001
507.001	-0.001
507.311	-0.002
507.517	-0.002
507.826	-0.001
508.136	-0.002
508.239	-0.002
508.445	-0.001
508.652	-0.001
509.064	-0.001
509.270	-0.001
509.683	-0.002
509.786	-0.001
509.993	-0.002
510.405	-0.001
510.611	-0.001
511.024	-0.001
511.127	-0.002
511.643	-0.002
511.746	-0.001
512.056	-0.002
512.159	-0.001
512.365	-0.001
512.674	-0.001
512.984	-0.001
513.190	-0.001
513.603	-0.001
513.706	-0.001
514.222	-0.001
514.325	-0.001
514.531	-0.001
514.944	-0.001
515.150	-0.002
515.356	-0.001
515.769	-0.001
515.769	-0.002
516.285	-0.001
516.491	-0.002
516.594	-0.002
517.007	-0.002
517.316	-0.002
517.523	-0.002
517.832	-0.002
517.832	-0.001
518.245	-0.001
518.348	-0.001
518.864	-0.001
518.967	-0.001
519.276	-0.002
519.792	-0.002
519.895	-0.002
520.205	-0.001
520.411	-0.001
520.411	-0.001
520.824	-0.002
521.030	-0.002
521.442	-0.002
521.855	-0.002
521.855	-0.002
522.371	-0.001
522.474	-0.002
522.887	-0.002
522.990	-0.001
523.196	-0.001
523.712	-0.002
523.712	-0.001
524.021	-0.001
524.537	-0.001
524.537	-0.002
524.950	-0.002
525.156	-0.002
525.362	-0.002
525.465	-0.002
525.878	-0.001
525.981	-0.002
526.394	-0.002
526.600	-0.001
526.910	-0.001
527.116	-0.001
527.322	-0.002
527.528	-0.001
527.941	-0.001
528.250	-0.001
528.457	-0.001
528.766	-0.001
528.973	-0.002
529.179	-0.002
529.591	-0.002
529.798	-0.002
530.004	-0.002
530.210	-0.002
530.623	-0.001
530.726	-0.002
530.829	-0.002
531.242	-0.002
531.448	-0.001
531.758	-0.002
532.067	-0.001
532.273	-0.001
532.686	-0.002
532.892	-0.002
533.202	-0.002
533.408	-0.001
533.718	-0.002
533.821	-0.002
534.233	-0.002
534.336	-0.002
534.852	-0.003
534.955	-0.002
535.059	-0.001
535.368	-0.001
535.884	-0.001
535.987	-0.002
536.400	-0.002
536.606	-0.002
536.812	-0.002
537.018	-0.002
537.225	-0.002
537.534	-0.002
537.947	-0.002
538.153	-0.002
538.463	-0.002
538.772	-0.002
538.978	-0.001
539.081	-0.001
539.288	-0.002
539.700	-0.002
539.907	-0.003
540.113	-0.002
540.526	-0.002
540.629	-0.002
541.041	-0.002
541.248	-0.002
541.557	-0.002
541.763	-0.002
542.073	-0.002
542.382	-0.002
542.589	-0.002
542.898	-0.002
543.001	-0.002
543.517	-0.002
543.723	-0.002
543.826	-0.002
544.136	-0.002
544.445	-0.002
544.755	-0.002
544.858	-0.001
545.064	-0.001
545.374	-0.001
545.786	-0.001
545.993	-0.001
546.302	-0.001
546.405	-0.001
546.715	-0.002
547.127	-0.002
547.334	-0.002
547.643	-0.002
547.953	-0.001
548.262	-0.001
548.468	-0.002
548.778	-0.002
548.881	-0.002
549.294	-0.002
549.397	-0.002
549.603	-0.002
550.016	-0.002
550.325	-0.002
550.531	-0.002
550.841	-0.002
551.150	-0.002
551.253	-0.002
551.460	-0.002
551.872	-0.002
551.976	-0.002
552.388	-0.002
552.388	-0.002
552.904	-0.001
553.213	-0.002
553.420	-0.002
553.729	-0.002
553.935	-0.002
554.245	-0.003
554.451	-0.002
554.657	-0.002
554.864	-0.003
555.380	-0.001
555.483	-0.002
555.792	-0.002
555.998	-0.002
556.411	-0.002
556.514	-0.002
556.824	-0.002
557.030	-0.002
557.339	-0.002
557.443	-0.002
557.958	-0.002
558.062	-0.002
558.268	-0.002
558.680	-0.002
559.093	-0.002
559.196	-0.002
559.609	-0.002
559.712	-0.002
560.021	-0.002
560.228	-0.002
560.640	-0.002
560.743	-0.002
561.156	-0.002
561.259	-0.002
561.672	-0.002
561.878	-0.002
562.084	-0.002
562.291	-0.002
562.600	-0.002
562.807	-0.002
563.219	-0.002
563.322	-0.002
563.735	-0.002
564.044	-0.002
564.251	-0.002
564.560	-0.002
564.663	-0.002
565.076	-0.002
565.282	-0.002
565.592	-0.002
565.798	-0.002
566.107	-0.002
566.314	-0.002
566.417	-0.002
566.726	-0.002
567.036	-0.002
567.242	-0.002
567.552	-0.002
567.861	-0.002
567.964	-0.002
568.377	-0.002
568.789	-0.002
568.892	-0.002
569.202	-0.002
569.305	-0.001
569.511	-0.002
569.924	-0.002
570.233	-0.002
570.440	-0.002
570.749	-0.002
570.956	-0.002
571.265	-0.002
571.574	-0.002
571.781	-0.002
571.987	-0.002
572.297	-0.002
572.503	-0.002
572.812	-0.002
573.019	-0.002
573.328	-0.003
573.534	-0.002
573.947	-0.002
574.153	-0.002
574.360	-0.002
574.669	-0.002
575.082	-0.002
575.185	-0.002
575.597	-0.002
575.701	-0.002
576.010	-0.002
576.319	-0.002
576.526	-0.002
576.732	-0.002
577.042	-0.002
577.145	-0.002
577.764	-0.002
577.660	-0.002
578.176	-0.002
578.279	-0.002
578.589	-0.002
578.898	-0.002
579.208	-0.002
579.311	-0.002
579.517	-0.002
579.930	-0.002
580.136	-0.002
580.342	-0.002
580.652	-0.002
580.961	-0.002
581.168	-0.002
581.477	-0.002
581.787	-0.002
581.890	-0.002
582.199	-0.002
582.405	-0.003
582.612	-0.002
583.128	-0.002
583.334	-0.002
583.540	-0.002
583.746	-0.002
584.056	-0.002
584.365	-0.002
584.675	-0.002
584.881	-0.002
585.087	-0.002
585.397	-0.002
585.913	-0.002
586.016	-0.002
586.119	-0.001
586.428	-0.002
586.635	-0.002
586.944	-0.002
587.150	-0.002
587.563	-0.002
587.769	-0.002
587.976	-0.002
588.285	-0.002
588.491	-0.002
588.904	-0.002
589.110	-0.002
589.317	-0.002
589.729	-0.002
589.832	-0.002
590.142	-0.002
590.348	-0.001
590.761	-0.002
590.864	-0.002
591.070	-0.002
591.586	-0.002
591.586	-0.002
591.895	-0.002
592.308	-0.002
592.514	-0.002
592.721	-0.002
592.927	-0.002
593.236	-0.003
593.649	-0.002
593.752	-0.001
593.958	-0.001
594.371	-0.002
594.681	-0.002
594.784	-0.002
595.196	-0.001
595.299	-0.002
595.506	-0.002
595.712	-0.002
596.228	-0.002
596.331	-0.002
596.640	-0.002
597.053	-0.002
597.259	-0.002
597.363	-0.002
597.672	-0.002
597.981	-0.002
598.291	-0.002
598.497	-0.002
598.704	-0.002
599.116	-0.002
599.322	-0.002
599.426	-0.002
599.735	-0.002
600.044	-0.002
600.251	-0.002
600.663	-0.002
600.870	-0.002
601.076	-0.002
601.385	-0.002
601.592	-0.003
601.901	-0.003
602.004	-0.002
602.417	-0.002
602.726	-0.002
602.933	-0.002
603.139	-0.003
603.449	-0.003
603.552	-0.002
603.964	-0.002
604.274	-0.002
604.480	-0.002
604.686	-0.003
605.305	-0.002
605.408	-0.002
605.718	-0.002
605.821	-0.002
606.027	-0.002
606.130	-0.003
606.749	-0.002
606.853	-0.002
607.059	-0.002
607.368	-0.002
607.575	-0.002
607.884	-0.002
608.090	-0.002
608.503	-0.003
608.709	-0.002
609.019	-0.002
609.122	-0.002
