420.656 -0.001
420.856 -0.001
421.056 -0.001
421.256 -0.001
421.45599999999996 -0.001
421.65599999999995 -0.001
421.85599999999994 -0.001
422.0559999999999 -0.001
422.2559999999999 -0.001
422.4559999999999 -0.001
422.6559999999999 -0.001
422.8559999999999 -0.001
423.05599999999987 -0.001
423.25599999999986 -0.001
423.45599999999985 -0.0013
423.65599999999984 -0.0018
423.8559999999998 -0.0015
424.0559999999998 -0.001
424.2559999999998 -0.001
424.4559999999998 -0.001
424.6559999999998 -0.001
424.85599999999977 -0.001
425.05599999999976 -0.001
425.25599999999974 -0.001
425.45599999999973 -0.001
425.6559999999997 -0.001
425.8559999999997 -0.001
426.0559999999997 -0.001
426.2559999999997 -0.001
426.4559999999997 -0.001
426.65599999999966 -0.001
426.85599999999965 -0.001
427.05599999999964 -0.001
427.25599999999963 -0.001
427.4559999999996 -0.001
427.6559999999996 -0.001
427.8559999999996 -0.001
428.0559999999996 -0.001
428.2559999999996 -0.001
428.45599999999956 -0.001
428.65599999999955 -0.001
428.85599999999954 -0.001
429.05599999999953 -0.001
429.2559999999995 -0.001
429.4559999999995 -0.001
429.6559999999995 -0.001
429.8559999999995 -0.001
430.0559999999995 -0.001
430.25599999999946 -0.001
430.45599999999945 -0.001
430.65599999999944 -0.001
430.8559999999994 -0.001
431.0559999999994 -0.001
431.2559999999994 -0.001
431.4559999999994 -0.001
431.6559999999994 -0.001
431.85599999999937 -0.001
432.05599999999936 -0.001
432.25599999999935 -0.001
432.45599999999934 -0.001
432.6559999999993 -0.001
432.8559999999993 -0.001
433.0559999999993 -0.001
433.2559999999993 -0.001
433.4559999999993 -0.001
433.65599999999927 -0.001
433.85599999999926 -0.001
434.05599999999924 -0.001
434.25599999999923 -0.001
434.4559999999992 -0.001
434.6559999999992 -0.001
434.8559999999992 -0.001
435.0559999999992 -0.001
435.2559999999992 -0.001
435.45599999999916 -0.001
435.65599999999915 -0.001
435.85599999999914 -0.001
436.05599999999913 -0.001
436.2559999999991 -0.001
436.4559999999991 -0.001
436.6559999999991 -0.001
436.8559999999991 -0.001
437.0559999999991 -0.001
437.25599999999906 -0.001
437.45599999999905 -0.001
437.65599999999904 -0.001
437.855999999999 -0.001
438.055999999999 -0.001
438.255999999999 -0.001
438.455999999999 -0.001
438.655999999999 -0.001
438.85599999999897 -0.001
439.05599999999896 -0.001
439.25599999999895 -0.001
439.45599999999894 -0.001
439.6559999999989 -0.001
439.8559999999989 -0.001
440.0559999999989 -0.001
440.2559999999989 -0.001
440.4559999999989 -0.001
440.65599999999887 -0.001
440.85599999999886 -0.001
441.05599999999885 -0.001
441.25599999999883 -0.001
441.4559999999988 -0.001
441.6559999999988 -0.001
441.8559999999988 -0.001
442.0559999999988 -0.001
442.2559999999988 -0.001
442.45599999999877 -0.001
442.65599999999876 -0.001
442.85599999999874 -0.001
443.05599999999873 -0.001
443.2559999999987 -0.001
443.4559999999987 -0.001
443.6559999999987 -0.001
443.8559999999987 -0.001
444.0559999999987 -0.001
444.25599999999866 -0.001
444.45599999999865 -0.001
444.65599999999864 -0.001
444.85599999999863 -0.001
445.0559999999986 -0.001
445.2559999999986 -0.001
445.4559999999986 -0.001
445.6559999999986 -0.001
445.8559999999986 -0.001
446.05599999999856 -0.001
446.25599999999855 -0.0006
446.45599999999854 -0.0
446.6559999999985 -0.0007
446.8559999999985 -0.001
447.0559999999985 -0.001
447.2559999999985 -0.001
447.4559999999985 -0.001
447.65599999999847 -0.001
447.85599999999846 -0.001
448.05599999999845 -0.001
448.25599999999844 -0.001
448.4559999999984 -0.001
448.6559999999984 -0.001
448.8559999999984 -0.001
449.0559999999984 -0.001
449.2559999999984 -0.001
449.45599999999837 -0.001
449.65599999999836 -0.001
449.85599999999835 -0.001
450.05599999999833 -0.001
450.2559999999983 -0.001
450.4559999999983 -0.001
450.6559999999983 -0.001
450.8559999999983 -0.001
451.0559999999983 -0.001
451.25599999999827 -0.001
451.45599999999826 -0.001
451.65599999999824 -0.001
451.85599999999823 -0.001
452.0559999999982 -0.001
452.2559999999982 -0.001
452.4559999999982 -0.001
452.6559999999982 -0.001
452.8559999999982 -0.001
453.05599999999816 -0.001
453.25599999999815 -0.001
453.45599999999814 -0.0008
453.65599999999813 -0.0004
453.8559999999981 -0.0
454.0559999999981 -0.001
454.2559999999981 -0.001
454.4559999999981 -0.001
454.6559999999981 -0.001
454.85599999999806 -0.001
455.05599999999805 -0.001
455.25599999999804 -0.001
455.455999999998 -0.001
455.655999999998 -0.0009
455.855999999998 -0.0003
456.055999999998 -0.0003
456.255999999998 -0.0008
456.45599999999797 -0.001
456.65599999999796 -0.001
456.85599999999795 -0.001
457.05599999999794 -0.001
457.2559999999979 -0.001
457.4559999999979 -0.0003
457.6559999999979 -0.0005
457.8559999999979 -0.001
458.0559999999979 -0.001
458.25599999999787 -0.001
458.45599999999786 -0.001
458.65599999999785 -0.001
458.85599999999783 -0.001
459.0559999999978 -0.001
459.2559999999978 -0.001
459.4559999999978 -0.001
459.6559999999978 -0.001
459.8559999999978 -0.001
460.05599999999777 -0.001
460.25599999999775 -0.001
460.45599999999774 -0.001
460.65599999999773 -0.001
460.8559999999977 -0.001
461.0559999999977 -0.001
461.2559999999977 -0.001
461.4559999999977 -0.001
461.6559999999977 -0.001
461.85599999999766 -0.001
462.05599999999765 -0.001
462.25599999999764 -0.001
462.45599999999763 -0.001
462.6559999999976 -0.001
462.8559999999976 -0.001
463.0559999999976 -0.001
463.2559999999976 -0.001
463.4559999999976 -0.001
463.65599999999756 -0.001
463.85599999999755 -0.001
464.05599999999754 -0.001
464.2559999999975 -0.001
464.4559999999975 -0.001
464.6559999999975 -0.001
464.8559999999975 -0.001
465.0559999999975 -0.001
465.25599999999747 -0.001
465.45599999999746 -0.001
465.65599999999745 -0.001
465.85599999999744 -0.001
466.0559999999974 -0.001
466.2559999999974 -0.001
466.4559999999974 -0.001
466.6559999999974 -0.001
466.8559999999974 -0.001
467.05599999999737 -0.001
467.25599999999736 -0.001
467.45599999999735 -0.001
467.65599999999733 -0.001
467.8559999999973 -0.001
468.0559999999973 -0.001
468.2559999999973 -0.001
468.4559999999973 -0.001
468.6559999999973 -0.001
468.85599999999727 -0.001
469.05599999999725 -0.001
469.25599999999724 -0.001
469.45599999999723 -0.0005
469.6559999999972 -0.0003
469.8559999999972 -0.001
470.0559999999972 -0.001
470.2559999999972 -0.001
470.4559999999972 -0.001
470.65599999999716 -0.001
470.85599999999715 -0.001
471.05599999999714 -0.001
471.25599999999713 -0.001
471.4559999999971 -0.001
471.6559999999971 -0.001
471.8559999999971 -0.001
472.0559999999971 -0.0012
472.2559999999971 -0.0015
472.45599999999706 -0.0019
472.65599999999705 -0.0015
472.85599999999704 -0.001
473.055999999997 -0.001
473.255999999997 -0.001
473.455999999997 -0.001
473.655999999997 -0.001
473.855999999997 -0.0016
474.05599999999697 -0.0017
474.25599999999696 -0.001
474.45599999999695 -0.001
474.65599999999694 -0.001
474.8559999999969 -0.001
475.0559999999969 -0.001
475.2559999999969 -0.001
475.4559999999969 -0.001
475.6559999999969 -0.001
475.85599999999687 -0.001
476.05599999999686 -0.001
476.25599999999685 -0.001
476.45599999999683 -0.001
476.6559999999968 -0.001
476.8559999999968 -0.001
477.0559999999968 -0.001
477.2559999999968 -0.001
477.4559999999968 -0.001
477.65599999999677 -0.001
477.85599999999675 -0.001
478.05599999999674 -0.001
478.25599999999673 -0.001
478.4559999999967 -0.001
478.6559999999967 -0.001
478.8559999999967 -0.001
479.0559999999967 -0.001
479.2559999999967 -0.001
479.45599999999666 -0.001
479.65599999999665 -0.001
479.85599999999664 -0.001
480.05599999999663 -0.001
480.2559999999966 -0.001
480.4559999999966 -0.001
480.6559999999966 -0.001
480.8559999999966 -0.001
481.0559999999966 -0.001
481.25599999999656 -0.001
481.45599999999655 -0.001
481.65599999999654 -0.001
481.8559999999965 -0.001
482.0559999999965 -0.001
482.2559999999965 -0.001
482.4559999999965 -0.001
482.6559999999965 -0.001
482.85599999999647 -0.001
483.05599999999646 -0.001
483.25599999999645 -0.001
483.45599999999644 -0.001
483.6559999999964 -0.001
483.8559999999964 -0.001
484.0559999999964 -0.001
484.2559999999964 -0.001
484.4559999999964 -0.001
484.65599999999637 -0.001
484.85599999999636 -0.001
485.05599999999635 -0.001
485.25599999999633 -0.001
485.4559999999963 -0.001
485.6559999999963 -0.001
485.8559999999963 -0.002
486.0559999999963 -0.0013
486.2559999999963 -0.001
486.45599999999627 -0.001
486.65599999999625 -0.001
486.85599999999624 -0.001
487.05599999999623 -0.001
487.2559999999962 -0.001
487.4559999999962 -0.001
487.6559999999962 -0.001
487.8559999999962 -0.001
488.0559999999962 -0.001
488.25599999999616 -0.001
488.45599999999615 -0.001
488.65599999999614 -0.001
488.85599999999613 -0.001
489.0559999999961 -0.001
489.2559999999961 -0.001
489.4559999999961 -0.001
489.6559999999961 -0.001
489.8559999999961 -0.001
490.05599999999606 -0.001
490.25599999999605 -0.001
490.45599999999604 -0.001
490.655999999996 -0.001
490.855999999996 -0.001
491.055999999996 -0.001
491.255999999996 -0.001
491.455999999996 -0.001
491.65599999999597 -0.001
491.85599999999596 -0.001
492.05599999999595 -0.001
492.25599999999594 -0.001
492.4559999999959 -0.001
492.6559999999959 -0.001
492.8559999999959 -0.001
493.0559999999959 -0.001
493.2559999999959 -0.001
493.45599999999587 -0.001
493.65599999999586 -0.001
493.85599999999584 -0.001
494.05599999999583 -0.001
494.2559999999958 -0.001
494.4559999999958 -0.001
494.6559999999958 -0.001
494.8559999999958 -0.001
495.0559999999958 -0.001
495.25599999999577 -0.001
495.45599999999575 -0.001
495.65599999999574 -0.001
495.85599999999573 -0.001
496.0559999999957 -0.001
496.2559999999957 -0.001
496.4559999999957 -0.001
496.6559999999957 -0.001
496.8559999999957 -0.001
497.05599999999566 -0.001
497.25599999999565 -0.001
497.45599999999564 -0.001
497.65599999999563 -0.001
497.8559999999956 -0.001
498.0559999999956 -0.001
498.2559999999956 -0.001
498.4559999999956 -0.001
498.6559999999956 -0.001
498.85599999999556 -0.001
499.05599999999555 -0.001
499.25599999999554 -0.001
499.4559999999955 -0.001
499.6559999999955 -0.001
499.8559999999955 -0.001
500.0559999999955 -0.001
500.2559999999955 -0.001
500.45599999999547 -0.001
500.65599999999546 -0.001
500.85599999999545 -0.001
501.05599999999544 -0.001
501.2559999999954 -0.001
501.4559999999954 -0.001
501.6559999999954 -0.001
501.8559999999954 -0.001
502.0559999999954 -0.001
502.25599999999537 -0.001
502.45599999999536 -0.001
502.65599999999534 -0.0015
502.85599999999533 -0.002
503.0559999999953 -0.001
503.2559999999953 -0.001
503.4559999999953 -0.001
503.6559999999953 -0.0015
503.8559999999953 -0.0018
504.05599999999527 -0.0012
504.25599999999525 -0.0013
504.45599999999524 -0.0018
504.65599999999523 -0.001
504.8559999999952 -0.001
505.0559999999952 -0.001
505.2559999999952 -0.001
505.4559999999952 -0.001
505.6559999999952 -0.001
505.85599999999516 -0.001
506.05599999999515 -0.001
506.25599999999514 -0.0019
506.45599999999513 -0.0011
506.6559999999951 -0.001
506.8559999999951 -0.001
507.0559999999951 -0.0012
507.2559999999951 -0.0018
507.4559999999951 -0.002
507.65599999999506 -0.0016
507.85599999999505 -0.0011
508.05599999999504 -0.0017
508.255999999995 -0.0019
508.455999999995 -0.001
508.655999999995 -0.001
508.855999999995 -0.001
509.055999999995 -0.001
509.25599999999497 -0.001
509.45599999999496 -0.0015
509.65599999999495 -0.0019
509.85599999999494 -0.0013
510.0559999999949 -0.0018
510.2559999999949 -0.0014
510.4559999999949 -0.001
510.6559999999949 -0.001
510.8559999999949 -0.001
511.05599999999487 -0.0013
511.25599999999486 -0.002
511.45599999999484 -0.002
511.65599999999483 -0.0019
511.8559999999948 -0.0014
512.0559999999948 -0.002
512.2559999999949 -0.001
512.4559999999949 -0.001
512.655999999995 -0.001
512.855999999995 -0.001
513.055999999995 -0.001
513.2559999999951 -0.001
513.4559999999951 -0.001
513.6559999999952 -0.001
513.8559999999952 -0.001
514.0559999999953 -0.001
514.2559999999953 -0.001
514.4559999999954 -0.001
514.6559999999954 -0.001
514.8559999999954 -0.001
515.0559999999955 -0.0015
515.2559999999955 -0.0015
515.4559999999956 -0.001
515.6559999999956 -0.001
515.8559999999957 -0.0018
516.0559999999957 -0.0014
516.2559999999958 -0.0011
516.4559999999958 -0.0018
516.6559999999959 -0.002
516.8559999999959 -0.002
517.055999999996 -0.002
517.255999999996 -0.002
517.455999999996 -0.002
517.6559999999961 -0.002
517.8559999999961 -0.001
518.0559999999962 -0.001
518.2559999999962 -0.001
518.4559999999963 -0.001
518.6559999999963 -0.001
518.8559999999964 -0.001
519.0559999999964 -0.0013
519.2559999999964 -0.0019
519.4559999999965 -0.002
519.6559999999965 -0.002
519.8559999999966 -0.002
520.0559999999966 -0.0015
520.2559999999967 -0.001
520.4559999999967 -0.0011
520.6559999999968 -0.0016
520.8559999999968 -0.002
521.0559999999969 -0.002
521.2559999999969 -0.002
521.455999999997 -0.002
521.655999999997 -0.002
521.855999999997 -0.002
522.0559999999971 -0.0016
522.2559999999971 -0.0012
522.4559999999972 -0.0018
522.6559999999972 -0.002
522.8559999999973 -0.002
523.0559999999973 -0.001
523.2559999999974 -0.0011
523.4559999999974 -0.0015
523.6559999999974 -0.0019
523.8559999999975 -0.001
524.0559999999975 -0.001
524.2559999999976 -0.001
524.4559999999976 -0.001
524.6559999999977 -0.002
524.8559999999977 -0.002
525.0559999999978 -0.002
525.2559999999978 -0.002
525.4559999999979 -0.002
525.6559999999979 -0.0015
525.855999999998 -0.0011
526.055999999998 -0.002
526.255999999998 -0.002
526.4559999999981 -0.0017
526.6559999999981 -0.001
526.8559999999982 -0.001
527.0559999999982 -0.001
527.2559999999983 -0.0017
527.4559999999983 -0.0013
527.6559999999984 -0.001
527.8559999999984 -0.001
528.0559999999984 -0.001
528.2559999999985 -0.001
528.4559999999985 -0.001
528.6559999999986 -0.001
528.8559999999986 -0.0014
529.0559999999987 -0.002
529.2559999999987 -0.002
529.4559999999988 -0.002
529.6559999999988 -0.002
529.8559999999989 -0.002
530.0559999999989 -0.002
530.255999999999 -0.0019
530.455999999999 -0.0014
530.655999999999 -0.0013
530.8559999999991 -0.002
531.0559999999991 -0.002
531.2559999999992 -0.0019
531.4559999999992 -0.001
531.6559999999993 -0.0017
531.8559999999993 -0.0017
532.0559999999994 -0.001
532.2559999999994 -0.001
532.4559999999994 -0.0014
532.6559999999995 -0.0019
532.8559999999995 -0.002
533.0559999999996 -0.002
533.2559999999996 -0.0017
533.4559999999997 -0.0012
533.6559999999997 -0.0018
533.8559999999998 -0.002
534.0559999999998 -0.002
534.2559999999999 -0.002
534.4559999999999 -0.0022
534.656 -0.0026
534.856 -0.003
535.056 -0.001
535.2560000000001 -0.001
535.4560000000001 -0.001
535.6560000000002 -0.001
535.8560000000002 -0.001
536.0560000000003 -0.002
536.2560000000003 -0.002
536.4560000000004 -0.002
536.6560000000004 -0.002
536.8560000000004 -0.002
537.0560000000005 -0.002
537.2560000000005 -0.002
537.4560000000006 -0.002
537.6560000000006 -0.002
537.8560000000007 -0.002
538.0560000000007 -0.002
538.2560000000008 -0.002
538.4560000000008 -0.002
538.6560000000009 -0.002
538.8560000000009 -0.0016
539.056000000001 -0.001
539.256000000001 -0.0018
539.456000000001 -0.002
539.6560000000011 -0.002
539.8560000000011 -0.0028
540.0560000000012 -0.0023
540.2560000000012 -0.002
540.4560000000013 -0.002
540.6560000000013 -0.002
540.8560000000014 -0.002
541.0560000000014 -0.002
541.2560000000014 -0.002
541.4560000000015 -0.002
541.6560000000015 -0.002
541.8560000000016 -0.002
542.0560000000016 -0.002
542.2560000000017 -0.002
542.4560000000017 -0.002
542.6560000000018 -0.002
542.8560000000018 -0.002
543.0560000000019 -0.002
543.2560000000019 -0.002
543.456000000002 -0.002
543.656000000002 -0.002
543.856000000002 -0.002
544.0560000000021 -0.002
544.2560000000021 -0.002
544.4560000000022 -0.002
544.6560000000022 -0.002
544.8560000000023 -0.001
545.0560000000023 -0.001
545.2560000000024 -0.001
545.4560000000024 -0.001
545.6560000000025 -0.001
545.8560000000025 -0.001
546.0560000000025 -0.001
546.2560000000026 -0.001
546.4560000000026 -0.0012
546.6560000000027 -0.0018
546.8560000000027 -0.002
547.0560000000028 -0.002
547.2560000000028 -0.002
547.4560000000029 -0.002
547.6560000000029 -0.002
547.856000000003 -0.0013
548.056000000003 -0.001
548.256000000003 -0.001
548.4560000000031 -0.0019
548.6560000000031 -0.002
548.8560000000032 -0.002
549.0560000000032 -0.002
549.2560000000033 -0.002
549.4560000000033 -0.002
549.6560000000034 -0.002
549.8560000000034 -0.002
550.0560000000035 -0.002
550.2560000000035 -0.002
550.4560000000035 -0.002
550.6560000000036 -0.002
550.8560000000036 -0.002
551.0560000000037 -0.002
551.2560000000037 -0.002
551.4560000000038 -0.002
551.6560000000038 -0.002
551.8560000000039 -0.002
552.0560000000039 -0.002
552.256000000004 -0.002
552.456000000004 -0.0019
552.656000000004 -0.0015
552.8560000000041 -0.0011
553.0560000000041 -0.0015
553.2560000000042 -0.002
553.4560000000042 -0.002
553.6560000000043 -0.002
553.8560000000043 -0.002
554.0560000000044 -0.0024
554.2560000000044 -0.0029
554.4560000000045 -0.002
554.6560000000045 -0.002
554.8560000000045 -0.003
555.0560000000046 -0.0023
555.2560000000046 -0.0015
555.4560000000047 -0.0017
555.6560000000047 -0.002
555.8560000000048 -0.002
556.0560000000048 -0.002
556.2560000000049 -0.002
556.4560000000049 -0.002
556.656000000005 -0.002
556.856000000005 -0.002
557.056000000005 -0.002
557.2560000000051 -0.002
557.4560000000051 -0.002
557.6560000000052 -0.002
557.8560000000052 -0.002
558.0560000000053 -0.002
558.2560000000053 -0.002
558.4560000000054 -0.002
558.6560000000054 -0.002
558.8560000000055 -0.002
559.0560000000055 -0.002
559.2560000000055 -0.002
559.4560000000056 -0.002
559.6560000000056 -0.002
559.8560000000057 -0.002
560.0560000000057 -0.002
560.2560000000058 -0.002
560.4560000000058 -0.002
560.6560000000059 -0.002
560.8560000000059 -0.002
561.056000000006 -0.002
561.256000000006 -0.002
561.456000000006 -0.002
561.6560000000061 -0.002
561.8560000000061 -0.002
562.0560000000062 -0.002
562.2560000000062 -0.002
562.4560000000063 -0.002
562.6560000000063 -0.002
562.8560000000064 -0.002
563.0560000000064 -0.002
563.2560000000065 -0.002
563.4560000000065 -0.002
563.6560000000065 -0.002
563.8560000000066 -0.002
564.0560000000066 -0.002
564.2560000000067 -0.002
564.4560000000067 -0.002
564.6560000000068 -0.002
564.8560000000068 -0.002
565.0560000000069 -0.002
565.2560000000069 -0.002
565.456000000007 -0.002
565.656000000007 -0.002
565.856000000007 -0.002
566.0560000000071 -0.002
566.2560000000071 -0.002
566.4560000000072 -0.002
566.6560000000072 -0.002
566.8560000000073 -0.002
567.0560000000073 -0.002
567.2560000000074 -0.002
567.4560000000074 -0.002
567.6560000000075 -0.002
567.8560000000075 -0.002
568.0560000000075 -0.002
568.2560000000076 -0.002
568.4560000000076 -0.002
568.6560000000077 -0.002
568.8560000000077 -0.002
569.0560000000078 -0.002
569.2560000000078 -0.0015
569.4560000000079 -0.0017
569.6560000000079 -0.002
569.856000000008 -0.002
570.056000000008 -0.002
570.256000000008 -0.002
570.4560000000081 -0.002
570.6560000000081 -0.002
570.8560000000082 -0.002
571.0560000000082 -0.002
571.2560000000083 -0.002
571.4560000000083 -0.002
571.6560000000084 -0.002
571.8560000000084 -0.002
572.0560000000085 -0.002
572.2560000000085 -0.002
572.4560000000085 -0.002
572.6560000000086 -0.002
572.8560000000086 -0.002
573.0560000000087 -0.0021
573.2560000000087 -0.0028
573.4560000000088 -0.0024
573.6560000000088 -0.002
573.8560000000089 -0.002
574.0560000000089 -0.002
574.256000000009 -0.002
574.456000000009 -0.002
574.656000000009 -0.002
574.8560000000091 -0.002
575.0560000000091 -0.002
575.2560000000092 -0.002
575.4560000000092 -0.002
575.6560000000093 -0.002
575.8560000000093 -0.002
576.0560000000094 -0.002
576.2560000000094 -0.002
576.4560000000095 -0.002
576.6560000000095 -0.002
576.8560000000095 -0.002
577.0560000000096 -0.002
577.2560000000096 -0.002
577.4560000000097 -0.002
577.6560000000097 -0.002
577.8560000000098 -0.002
578.0560000000098 -0.002
578.2560000000099 -0.002
578.4560000000099 -0.002
578.65600000001 -0.002
578.85600000001 -0.002
579.05600000001 -0.002
579.2560000000101 -0.002
579.4560000000101 -0.002
579.6560000000102 -0.002
579.8560000000102 -0.002
580.0560000000103 -0.002
580.2560000000103 -0.002
580.4560000000104 -0.002
580.6560000000104 -0.002
580.8560000000105 -0.002
581.0560000000105 -0.002
581.2560000000105 -0.002
581.4560000000106 -0.002
581.6560000000106 -0.002
581.8560000000107 -0.002
582.0560000000107 -0.002
582.2560000000108 -0.0023
582.4560000000108 -0.0028
582.6560000000109 -0.002
582.8560000000109 -0.002
583.056000000011 -0.002
583.256000000011 -0.002
583.456000000011 -0.002
583.6560000000111 -0.002
583.8560000000111 -0.002
584.0560000000112 -0.002
584.2560000000112 -0.002
584.4560000000113 -0.002
584.6560000000113 -0.002
584.8560000000114 -0.002
585.0560000000114 -0.002
585.2560000000115 -0.002
585.4560000000115 -0.002
585.6560000000115 -0.002
585.8560000000116 -0.002
586.0560000000116 -0.0016
586.2560000000117 -0.0014
586.4560000000117 -0.002
586.6560000000118 -0.002
586.8560000000118 -0.002
587.0560000000119 -0.002
587.2560000000119 -0.002
587.456000000012 -0.002
587.656000000012 -0.002
587.856000000012 -0.002
588.0560000000121 -0.002
588.2560000000121 -0.002
588.4560000000122 -0.002
588.6560000000122 -0.002
588.8560000000123 -0.002
589.0560000000123 -0.002
589.2560000000124 -0.002
589.4560000000124 -0.002
589.6560000000125 -0.002
589.8560000000125 -0.002
590.0560000000125 -0.002
590.2560000000126 -0.0014
590.4560000000126 -0.0013
590.6560000000127 -0.0017
590.8560000000127 -0.002
591.0560000000128 -0.002
591.2560000000128 -0.002
591.4560000000129 -0.002
591.6560000000129 -0.002
591.856000000013 -0.002
592.056000000013 -0.002
592.256000000013 -0.002
592.4560000000131 -0.002
592.6560000000131 -0.002
592.8560000000132 -0.002
593.0560000000132 -0.0024
593.2560000000133 -0.003
593.4560000000133 -0.0025
593.6560000000134 -0.0019
593.8560000000134 -0.001
594.0560000000135 -0.0012
594.2560000000135 -0.0017
594.4560000000135 -0.002
594.6560000000136 -0.002
594.8560000000136 -0.0018
595.0560000000137 -0.0013
595.2560000000137 -0.0016
595.4560000000138 -0.002
595.6560000000138 -0.002
595.8560000000139 -0.002
596.0560000000139 -0.002
596.256000000014 -0.002
596.456000000014 -0.002
596.656000000014 -0.002
596.8560000000141 -0.002
597.0560000000141 -0.002
597.2560000000142 -0.002
597.4560000000142 -0.002
597.6560000000143 -0.002
597.8560000000143 -0.002
598.0560000000144 -0.002
598.2560000000144 -0.002
598.4560000000145 -0.002
598.6560000000145 -0.002
598.8560000000145 -0.002
599.0560000000146 -0.002
599.2560000000146 -0.002
599.4560000000147 -0.002
599.6560000000147 -0.002
599.8560000000148 -0.002
600.0560000000148 -0.002
600.2560000000149 -0.002
600.4560000000149 -0.002
600.656000000015 -0.002
600.856000000015 -0.002
601.056000000015 -0.002
601.2560000000151 -0.002
601.4560000000151 -0.0023
601.6560000000152 -0.003
601.8560000000152 -0.003
602.0560000000153 -0.002
602.2560000000153 -0.002
602.4560000000154 -0.002
602.6560000000154 -0.002
602.8560000000155 -0.002
603.0560000000155 -0.0026
603.2560000000155 -0.003
603.4560000000156 -0.0029
603.6560000000156 -0.002
603.8560000000157 -0.002
604.0560000000157 -0.002
604.2560000000158 -0.002
604.4560000000158 -0.002
604.6560000000159 -0.0029
604.8560000000159 -0.0027
605.056000000016 -0.0024
605.256000000016 -0.0021
605.456000000016 -0.002
605.6560000000161 -0.002
605.8560000000161 -0.002
606.0560000000162 -0.0023
606.2560000000162 -0.0028
606.4560000000163 -0.0025
606.6560000000163 -0.0022
606.8560000000164 -0.002
607.0560000000164 -0.002
607.2560000000165 -0.002
607.4560000000165 -0.002
607.6560000000165 -0.002
607.8560000000166 -0.002
608.0560000000166 -0.002
608.2560000000167 -0.0024
608.4560000000167 -0.0029
608.6560000000168 -0.0023
608.8560000000168 -0.002
609.0560000000169 -0.002
