200.01399999999998 -0.002
200.21399999999997 -0.002
200.41399999999996 -0.002
200.61399999999995 -0.002
200.81399999999994 -0.002
201.01399999999992 -0.002
201.2139999999999 -0.002
201.4139999999999 -0.002
201.6139999999999 -0.002
201.81399999999988 -0.002
202.01399999999987 -0.002
202.21399999999986 -0.002
202.41399999999985 -0.002
202.61399999999983 -0.002
202.81399999999982 -0.002
203.0139999999998 -0.002
203.2139999999998 -0.002
203.4139999999998 -0.002
203.61399999999978 -0.002
203.81399999999977 -0.002
204.01399999999975 -0.002
204.21399999999974 -0.002
204.41399999999973 -0.002
204.61399999999972 -0.002
204.8139999999997 -0.002
205.0139999999997 -0.002
205.2139999999997 -0.002
205.41399999999967 -0.002
205.61399999999966 -0.002
205.81399999999965 -0.0021
206.01399999999964 -0.0027
206.21399999999963 -0.0028
206.41399999999962 -0.0024
206.6139999999996 -0.002
206.8139999999996 -0.002
207.01399999999958 -0.0022
207.21399999999957 -0.0027
207.41399999999956 -0.0028
207.61399999999955 -0.0021
207.81399999999954 -0.002
208.01399999999953 -0.002
208.21399999999952 -0.002
208.4139999999995 -0.002
208.6139999999995 -0.002
208.81399999999948 -0.002
209.01399999999947 -0.002
209.21399999999946 -0.002
209.41399999999945 -0.002
209.61399999999944 -0.002
209.81399999999942 -0.002
210.0139999999994 -0.002
210.2139999999994 -0.002
210.4139999999994 -0.002
210.61399999999938 -0.002
210.81399999999937 -0.002
211.01399999999936 -0.002
211.21399999999934 -0.002
211.41399999999933 -0.002
211.61399999999932 -0.002
211.8139999999993 -0.002
212.0139999999993 -0.002
212.2139999999993 -0.002
212.41399999999928 -0.0022
212.61399999999927 -0.0026
212.81399999999925 -0.002
213.01399999999924 -0.002
213.21399999999923 -0.002
213.41399999999922 -0.002
213.6139999999992 -0.002
213.8139999999992 -0.002
214.01399999999919 -0.002
214.21399999999917 -0.002
214.41399999999916 -0.002
214.61399999999915 -0.002
214.81399999999914 -0.002
215.01399999999913 -0.002
215.21399999999912 -0.002
215.4139999999991 -0.0026
215.6139999999991 -0.0027
215.81399999999908 -0.0022
216.01399999999907 -0.002
216.21399999999906 -0.002
216.41399999999905 -0.002
216.61399999999904 -0.002
216.81399999999903 -0.002
217.01399999999902 -0.002
217.213999999999 -0.002
217.413999999999 -0.002
217.61399999999898 -0.002
217.81399999999897 -0.002
218.01399999999896 -0.002
218.21399999999895 -0.002
218.41399999999894 -0.002
218.61399999999892 -0.002
218.8139999999989 -0.0026
219.0139999999989 -0.002
219.2139999999989 -0.002
219.41399999999888 -0.002
219.61399999999887 -0.0025
219.81399999999886 -0.003
220.01399999999884 -0.002
220.21399999999883 -0.002
220.41399999999882 -0.002
220.6139999999988 -0.002
220.8139999999988 -0.002
221.0139999999988 -0.002
221.21399999999878 -0.002
221.41399999999877 -0.002
221.61399999999875 -0.002
221.81399999999874 -0.002
222.01399999999873 -0.002
222.21399999999872 -0.002
222.4139999999987 -0.002
222.6139999999987 -0.002
222.81399999999869 -0.002
223.01399999999867 -0.002
223.21399999999866 -0.002
223.41399999999865 -0.002
223.61399999999864 -0.002
223.81399999999863 -0.002
224.01399999999862 -0.002
224.2139999999986 -0.002
224.4139999999986 -0.002
224.61399999999858 -0.0021
224.81399999999857 -0.0028
225.01399999999856 -0.0027
225.21399999999855 -0.0022
225.41399999999854 -0.0021
225.61399999999853 -0.0027
225.81399999999852 -0.0026
226.0139999999985 -0.002
226.2139999999985 -0.002
226.41399999999848 -0.002
226.61399999999847 -0.002
226.81399999999846 -0.002
227.01399999999845 -0.002
227.21399999999844 -0.002
227.41399999999842 -0.002
227.6139999999984 -0.002
227.8139999999984 -0.002
228.0139999999984 -0.002
228.21399999999838 -0.002
228.41399999999837 -0.002
228.61399999999836 -0.002
228.81399999999834 -0.002
229.01399999999833 -0.002
229.21399999999832 -0.0025
229.4139999999983 -0.003
229.6139999999983 -0.002
229.8139999999983 -0.002
230.01399999999828 -0.002
230.21399999999826 -0.002
230.41399999999825 -0.002
230.61399999999824 -0.002
230.81399999999823 -0.002
231.01399999999822 -0.002
231.2139999999982 -0.0021
231.4139999999982 -0.0028
231.61399999999819 -0.002
231.81399999999817 -0.002
232.01399999999816 -0.002
232.21399999999815 -0.002
232.41399999999814 -0.002
232.61399999999813 -0.002
232.81399999999812 -0.002
233.0139999999981 -0.002
233.2139999999981 -0.002
233.41399999999808 -0.002
233.61399999999807 -0.002
233.81399999999806 -0.002
234.01399999999805 -0.002
234.21399999999804 -0.002
234.41399999999803 -0.002
234.61399999999801 -0.002
234.813999999998 -0.002
235.013999999998 -0.002
235.21399999999798 -0.002
235.41399999999797 -0.002
235.61399999999796 -0.002
235.81399999999795 -0.002
236.01399999999794 -0.002
236.21399999999792 -0.002
236.4139999999979 -0.002
236.6139999999979 -0.002
236.8139999999979 -0.002
237.01399999999788 -0.002
237.21399999999787 -0.002
237.41399999999786 -0.002
237.61399999999784 -0.002
237.81399999999783 -0.002
238.01399999999782 -0.002
238.2139999999978 -0.002
238.4139999999978 -0.002
238.6139999999978 -0.002
238.81399999999778 -0.003
239.01399999999776 -0.0025
239.21399999999775 -0.002
239.41399999999774 -0.003
239.61399999999773 -0.0025
239.81399999999772 -0.0021
240.0139999999977 -0.002
240.2139999999977 -0.002
240.41399999999769 -0.002
240.61399999999767 -0.002
240.81399999999766 -0.002
241.01399999999765 -0.002
241.21399999999764 -0.002
241.41399999999763 -0.002
241.61399999999762 -0.002
241.8139999999976 -0.002
242.0139999999976 -0.002
242.21399999999758 -0.002
242.41399999999757 -0.002
242.61399999999756 -0.002
242.81399999999755 -0.002
243.01399999999754 -0.002
243.21399999999753 -0.002
243.41399999999751 -0.002
243.6139999999975 -0.002
243.8139999999975 -0.002
244.01399999999748 -0.002
244.21399999999747 -0.002
244.41399999999746 -0.002
244.61399999999745 -0.002
244.81399999999743 -0.002
245.01399999999742 -0.002
245.2139999999974 -0.002
245.4139999999974 -0.002
245.6139999999974 -0.002
245.81399999999738 -0.002
246.01399999999737 -0.002
246.21399999999736 -0.002
246.41399999999734 -0.002
246.61399999999733 -0.002
246.81399999999732 -0.002
247.0139999999973 -0.002
247.2139999999973 -0.002
247.4139999999973 -0.002
247.61399999999728 -0.002
247.81399999999726 -0.002
248.01399999999725 -0.002
248.21399999999724 -0.002
248.41399999999723 -0.002
248.61399999999722 -0.002
248.8139999999972 -0.002
249.0139999999972 -0.002
249.21399999999718 -0.002
249.41399999999717 -0.002
249.61399999999716 -0.002
249.81399999999715 -0.0022
250.01399999999714 -0.0027
250.21399999999713 -0.0024
250.41399999999712 -0.002
250.6139999999971 -0.002
250.8139999999971 -0.002
251.01399999999708 -0.002
251.21399999999707 -0.002
251.41399999999706 -0.0021
251.61399999999705 -0.0027
251.81399999999704 -0.002
252.01399999999703 -0.002
252.21399999999701 -0.002
252.413999999997 -0.002
252.613999999997 -0.002
252.81399999999698 -0.0029
253.01399999999697 -0.0024
253.21399999999696 -0.002
253.41399999999695 -0.002
253.61399999999693 -0.002
253.81399999999692 -0.002
254.0139999999969 -0.0021
254.2139999999969 -0.0028
254.4139999999969 -0.003
254.61399999999688 -0.0026
254.81399999999687 -0.002
255.01399999999686 -0.002
255.21399999999684 -0.002
255.41399999999683 -0.002
255.61399999999682 -0.002
255.8139999999968 -0.002
256.0139999999968 -0.002
256.2139999999968 -0.002
256.4139999999968 -0.002
256.6139999999968 -0.002
256.8139999999968 -0.002
257.01399999999677 -0.002
257.21399999999676 -0.002
257.41399999999675 -0.002
257.61399999999674 -0.002
257.8139999999967 -0.002
258.0139999999967 -0.002
258.2139999999967 -0.002
258.4139999999967 -0.002
258.6139999999967 -0.002
258.81399999999667 -0.002
259.01399999999666 -0.002
259.21399999999664 -0.002
259.41399999999663 -0.002
259.6139999999966 -0.002
259.8139999999966 -0.002
260.0139999999966 -0.002
260.2139999999966 -0.002
260.4139999999966 -0.002
260.61399999999657 -0.002
260.81399999999655 -0.002
261.01399999999654 -0.002
261.21399999999653 -0.002
261.4139999999965 -0.002
261.6139999999965 -0.002
261.8139999999965 -0.002
262.0139999999965 -0.002
262.2139999999965 -0.002
262.41399999999646 -0.002
262.61399999999645 -0.002
262.81399999999644 -0.002
263.01399999999643 -0.002
263.2139999999964 -0.002
263.4139999999964 -0.002
263.6139999999964 -0.002
263.8139999999964 -0.002
264.0139999999964 -0.002
264.21399999999636 -0.002
264.41399999999635 -0.002
264.61399999999634 -0.002
264.8139999999963 -0.002
265.0139999999963 -0.002
265.2139999999963 -0.002
265.4139999999963 -0.002
265.6139999999963 -0.002
265.81399999999627 -0.002
266.01399999999626 -0.002
266.21399999999625 -0.002
266.41399999999624 -0.002
266.6139999999962 -0.002
266.8139999999962 -0.002
267.0139999999962 -0.002
267.2139999999962 -0.002
267.4139999999962 -0.002
267.61399999999617 -0.002
267.81399999999616 -0.002
268.01399999999614 -0.002
268.21399999999613 -0.003
268.4139999999961 -0.0023
268.6139999999961 -0.002
268.8139999999961 -0.002
269.0139999999961 -0.002
269.2139999999961 -0.002
269.41399999999607 -0.002
269.61399999999605 -0.002
269.81399999999604 -0.002
270.01399999999603 -0.0016
270.213999999996 -0.0011
270.413999999996 -0.0017
270.613999999996 -0.002
270.813999999996 -0.002
271.013999999996 -0.002
271.21399999999596 -0.002
271.41399999999595 -0.002
271.61399999999594 -0.002
271.81399999999593 -0.002
272.0139999999959 -0.0025
272.2139999999959 -0.003
272.4139999999959 -0.002
272.6139999999959 -0.002
272.8139999999959 -0.002
273.01399999999586 -0.002
273.21399999999585 -0.002
273.41399999999584 -0.002
273.6139999999958 -0.002
273.8139999999958 -0.002
274.0139999999958 -0.002
274.2139999999958 -0.002
274.4139999999958 -0.002
274.61399999999577 -0.002
274.81399999999576 -0.002
275.01399999999575 -0.002
275.21399999999574 -0.002
275.4139999999957 -0.002
275.6139999999957 -0.002
275.8139999999957 -0.002
276.0139999999957 -0.002
276.2139999999957 -0.002
276.41399999999567 -0.002
276.61399999999566 -0.002
276.81399999999564 -0.002
277.01399999999563 -0.002
277.2139999999956 -0.002
277.4139999999956 -0.0014
277.6139999999956 -0.0016
277.8139999999956 -0.0024
278.0139999999956 -0.003
278.21399999999556 -0.0025
278.41399999999555 -0.002
278.61399999999554 -0.002
278.81399999999553 -0.002
279.0139999999955 -0.002
279.2139999999955 -0.002
279.4139999999955 -0.002
279.6139999999955 -0.002
279.8139999999955 -0.002
280.01399999999546 -0.002
280.21399999999545 -0.0016
280.41399999999544 -0.0015
280.61399999999543 -0.0019
280.8139999999954 -0.0012
281.0139999999954 -0.001
281.2139999999954 -0.001
281.4139999999954 -0.001
281.6139999999954 -0.001
281.81399999999536 -0.001
282.01399999999535 -0.001
282.21399999999534 -0.001
282.4139999999953 -0.001
282.6139999999953 -0.001
282.8139999999953 -0.001
283.0139999999953 -0.001
283.2139999999953 -0.001
283.41399999999527 -0.001
283.61399999999526 -0.001
283.81399999999525 -0.001
284.01399999999524 -0.001
284.2139999999952 -0.001
284.4139999999952 -0.001
284.6139999999952 -0.001
284.8139999999952 -0.001
285.0139999999952 -0.001
285.21399999999517 -0.001
285.41399999999516 -0.001
285.61399999999514 -0.001
285.81399999999513 -0.001
286.0139999999951 -0.001
286.2139999999951 -0.001
286.4139999999951 -0.001
286.6139999999951 -0.001
286.8139999999951 -0.001
287.01399999999506 -0.001
287.21399999999505 -0.001
287.41399999999504 -0.0008
287.61399999999503 -0.0004
287.813999999995 0.0
288.013999999995 0.0
288.213999999995 0.0
288.413999999995 0.0
288.613999999995 0.0006
288.81399999999496 0.0014
289.01399999999495 0.0022
289.21399999999494 0.0029
289.4139999999949 0.0046
289.6139999999949 0.0054
289.8139999999949 0.0059
290.0139999999949 0.0083
290.2139999999949 0.0096
290.41399999999487 0.0113
290.61399999999486 0.0133
290.81399999999485 0.0152
291.01399999999484 0.0208
291.2139999999948 0.0223
291.4139999999948 0.025
291.6139999999948 0.0289
291.8139999999948 0.0328
292.0139999999948 0.0371
292.21399999999477 0.0418
292.41399999999476 0.0463
292.61399999999475 0.0536
292.81399999999473 0.0613
293.0139999999947 0.0672
293.2139999999947 0.0725
293.4139999999947 0.081
293.6139999999947 0.0907
293.8139999999947 0.0987
294.01399999999467 0.1059
294.21399999999466 0.1136
294.41399999999464 0.1236
294.61399999999463 0.1318
294.8139999999946 0.1372
295.0139999999946 0.1455
295.2139999999946 0.1605
295.4139999999946 0.1692
295.6139999999946 0.185
295.81399999999456 0.1877
296.01399999999455 0.1904
296.21399999999454 0.2008
296.41399999999453 0.2037
296.6139999999945 0.2077
296.8139999999945 0.2127
297.0139999999945 0.2153
297.2139999999945 0.2162
297.4139999999945 0.2166
297.61399999999446 0.2169
297.81399999999445 0.2159
298.01399999999444 0.214
298.2139999999944 0.2111
298.4139999999944 0.2091
298.6139999999944 0.2066
298.8139999999944 0.2034
299.0139999999944 0.1996
299.21399999999437 0.1957
299.41399999999436 0.1913
299.61399999999435 0.1825
299.81399999999434 0.1755
300.0139999999943 0.1721
300.2139999999943 0.1651
300.4139999999943 0.1595
300.6139999999943 0.1556
300.8139999999943 0.1447
301.01399999999427 0.1408
301.21399999999426 0.1369
301.41399999999425 0.1282
301.61399999999423 0.116
301.8139999999942 0.1096
302.0139999999942 0.1046
302.2139999999942 0.0997
302.4139999999942 0.0859
302.6139999999942 0.081
302.81399999999417 0.0731
303.01399999999416 0.0651
303.21399999999414 0.0593
303.41399999999413 0.0546
303.6139999999941 0.0521
303.8139999999941 0.0492
304.0139999999941 0.0424
304.2139999999941 0.0358
304.4139999999941 0.0319
304.61399999999406 0.0287
304.81399999999405 0.0258
305.01399999999404 0.0232
305.21399999999403 0.0194
305.413999999994 0.0173
305.613999999994 0.015
305.813999999994 0.0112
306.013999999994 0.0096
306.213999999994 0.0091
306.41399999999396 0.008
306.61399999999395 0.0066
306.81399999999394 0.0049
307.0139999999939 0.0043
307.2139999999939 0.004
307.4139999999939 0.004
307.6139999999939 0.0033
307.8139999999939 0.002
308.01399999999387 0.002
308.21399999999386 0.002
308.41399999999385 0.002
308.61399999999384 0.0014
308.8139999999938 0.001
309.0139999999938 0.001
309.2139999999938 0.001
309.4139999999938 0.001
309.6139999999938 0.001
309.81399999999377 0.001
310.01399999999376 0.0008
310.21399999999375 0.0001
310.41399999999373 0.0007
310.6139999999937 0.0006
310.8139999999937 0.0
311.0139999999937 0.0
311.2139999999937 0.0
311.4139999999937 0.0
311.61399999999367 0.0
311.81399999999365 0.0
312.01399999999364 0.0
312.21399999999363 0.0
312.4139999999936 0.0
312.6139999999936 0.0
312.8139999999936 0.0
313.0139999999936 0.0
313.2139999999936 0.0
313.41399999999356 0.0
313.61399999999355 0.0
313.81399999999354 -0.0004
314.01399999999353 -0.001
314.2139999999935 -0.0003
314.4139999999935 0.0
314.6139999999935 0.0
314.8139999999935 0.0
315.0139999999935 0.0
315.21399999999346 -0.0007
315.41399999999345 -0.001
315.61399999999344 -0.001
315.8139999999934 -0.001
316.0139999999934 -0.001
316.2139999999934 -0.001
316.4139999999934 -0.001
316.6139999999934 -0.001
316.81399999999337 -0.0009
317.01399999999336 -0.0003
317.21399999999335 0.0
317.41399999999334 0.0
317.6139999999933 0.0
317.8139999999933 0.0
318.0139999999933 -0.0009
318.2139999999933 -0.0004
318.4139999999933 -0.001
318.61399999999327 -0.001
318.81399999999326 -0.001
319.01399999999325 -0.001
319.21399999999323 -0.001
319.4139999999932 -0.001
319.6139999999932 -0.001
319.8139999999932 -0.001
320.0139999999932 -0.001
320.2139999999932 -0.001
320.41399999999317 -0.001
320.61399999999315 -0.001
320.81399999999314 -0.001
321.01399999999313 -0.001
321.2139999999931 -0.001
321.4139999999931 -0.001
321.6139999999931 -0.001
321.8139999999931 -0.001
322.0139999999931 -0.001
322.21399999999306 -0.001
322.41399999999305 -0.001
322.61399999999304 -0.001
322.81399999999303 -0.001
323.013999999993 -0.001
323.213999999993 -0.001
323.413999999993 -0.001
323.613999999993 -0.001
323.813999999993 -0.001
324.01399999999296 -0.001
324.21399999999295 -0.001
324.41399999999294 -0.001
324.6139999999929 -0.001
324.8139999999929 -0.0014
325.0139999999929 -0.0016
325.2139999999929 -0.001
325.4139999999929 -0.001
325.61399999999287 -0.001
325.81399999999286 -0.001
326.01399999999285 -0.001
326.21399999999284 -0.001
326.4139999999928 -0.001
326.6139999999928 -0.001
326.8139999999928 -0.001
327.0139999999928 -0.0014
327.2139999999928 -0.002
327.41399999999277 -0.0013
327.61399999999276 -0.001
327.81399999999275 -0.001
328.01399999999273 -0.001
328.2139999999927 -0.001
328.4139999999927 -0.001
328.6139999999927 -0.001
328.8139999999927 -0.001
329.0139999999927 -0.001
329.21399999999267 -0.001
329.41399999999265 -0.001
329.61399999999264 -0.001
329.81399999999263 -0.001
330.0139999999926 -0.001
330.2139999999926 -0.001
330.4139999999926 -0.001
330.6139999999926 -0.001
330.8139999999926 -0.001
331.01399999999256 -0.001
331.21399999999255 -0.001
331.41399999999254 -0.0016
331.61399999999253 -0.0016
331.8139999999925 -0.001
332.0139999999925 -0.001
332.2139999999925 -0.001
332.4139999999925 -0.001
332.6139999999925 -0.001
332.81399999999246 -0.001
333.01399999999245 -0.001
333.21399999999244 -0.001
333.4139999999924 -0.001
333.6139999999924 -0.001
333.8139999999924 -0.001
334.0139999999924 -0.001
334.2139999999924 -0.001
334.41399999999237 -0.001
334.61399999999236 -0.001
334.81399999999235 -0.001
335.01399999999234 -0.001
335.2139999999923 -0.001
335.4139999999923 -0.001
335.6139999999923 -0.001
335.8139999999923 -0.001
336.0139999999923 -0.001
336.21399999999227 -0.001
336.41399999999226 -0.001
336.61399999999225 -0.001
336.81399999999223 -0.001
337.0139999999922 -0.001
337.2139999999922 -0.001
337.4139999999922 -0.001
337.6139999999922 -0.001
337.8139999999922 -0.001
338.01399999999217 -0.001
338.21399999999215 -0.001
338.41399999999214 -0.001
338.61399999999213 -0.001
338.8139999999921 -0.001
339.0139999999921 -0.001
339.2139999999921 -0.001
339.4139999999921 -0.001
339.6139999999921 -0.001
339.81399999999206 -0.001
340.01399999999205 -0.001
340.21399999999204 -0.001
340.41399999999203 -0.001
340.613999999992 -0.001
340.813999999992 -0.001
341.013999999992 -0.001
341.213999999992 -0.001
341.413999999992 -0.001
341.61399999999196 -0.001
341.81399999999195 -0.001
342.01399999999194 -0.001
342.2139999999919 -0.001
342.4139999999919 -0.001
342.6139999999919 -0.001
342.8139999999919 -0.001
343.0139999999919 -0.001
343.21399999999187 -0.001
343.41399999999186 -0.001
343.61399999999185 -0.001
343.81399999999184 -0.001
344.0139999999918 -0.001
344.2139999999918 -0.001
344.4139999999918 -0.001
344.6139999999918 -0.001
344.8139999999918 -0.001
345.01399999999177 -0.0013
345.21399999999176 -0.0017
345.41399999999174 -0.002
345.61399999999173 -0.0013
345.8139999999917 -0.001
346.0139999999917 -0.001
346.2139999999917 -0.001
346.4139999999917 -0.001
346.6139999999917 -0.001
346.81399999999167 -0.001
347.01399999999165 -0.001
347.21399999999164 -0.001
347.41399999999163 -0.001
347.6139999999916 -0.001
347.8139999999916 -0.0014
348.0139999999916 -0.0017
348.2139999999916 -0.0017
348.4139999999916 -0.001
348.61399999999156 -0.001
348.81399999999155 -0.001
349.01399999999154 -0.001
349.21399999999153 -0.001
349.4139999999915 -0.001
349.6139999999915 -0.001
349.8139999999915 -0.001
350.0139999999915 -0.001
350.2139999999915 -0.001
350.41399999999146 -0.0006
350.61399999999145 -0.0002
350.81399999999144 -0.0004
351.0139999999914 -0.001
351.2139999999914 -0.001
351.4139999999914 -0.001
351.6139999999914 -0.001
351.8139999999914 -0.001
352.01399999999137 -0.001
352.21399999999136 -0.001
352.41399999999135 -0.001
352.61399999999134 -0.001
352.8139999999913 -0.001
353.0139999999913 -0.001
353.2139999999913 -0.001
353.4139999999913 -0.001
353.6139999999913 -0.001
353.81399999999127 -0.001
354.01399999999126 -0.001
354.21399999999124 -0.001
354.41399999999123 -0.001
354.6139999999912 -0.001
354.8139999999912 -0.001
355.0139999999912 -0.001
355.2139999999912 -0.001
355.4139999999912 -0.001
355.61399999999117 -0.001
355.81399999999115 -0.001
356.01399999999114 -0.001
356.21399999999113 -0.001
356.4139999999911 -0.001
356.6139999999911 -0.001
356.8139999999911 -0.001
357.0139999999911 -0.001
357.2139999999911 -0.001
357.41399999999106 -0.001
357.61399999999105 -0.001
357.81399999999104 -0.001
358.01399999999103 -0.001
358.213999999991 -0.001
358.413999999991 -0.001
358.613999999991 -0.001
358.813999999991 -0.001
359.013999999991 -0.0013
359.21399999999096 -0.0018
359.41399999999095 -0.001
359.61399999999094 -0.001
359.8139999999909 -0.001
360.0139999999909 -0.001
360.2139999999909 -0.001
360.4139999999909 -0.001
360.6139999999909 -0.001
360.81399999999087 -0.001
361.01399999999086 -0.001
361.21399999999085 -0.001
361.41399999999084 -0.001
361.6139999999908 -0.001
361.8139999999908 -0.001
362.0139999999908 -0.001
362.2139999999908 -0.001
362.4139999999908 -0.001
362.61399999999077 -0.001
362.81399999999076 -0.001
363.01399999999074 -0.001
363.21399999999073 -0.001
363.4139999999907 -0.001
363.6139999999907 -0.001
363.8139999999907 -0.001
364.0139999999907 -0.001
364.2139999999907 -0.001
364.41399999999066 -0.001
364.61399999999065 -0.001
364.81399999999064 -0.0015
365.01399999999063 -0.0017
365.2139999999906 -0.001
365.4139999999906 -0.001
365.6139999999906 -0.001
365.8139999999906 -0.001
366.0139999999906 -0.001
366.21399999999056 -0.001
366.41399999999055 -0.001
366.61399999999054 -0.001
366.81399999999053 -0.001
367.0139999999905 -0.001
367.2139999999905 -0.001
367.4139999999905 -0.001
367.6139999999905 -0.0017
367.8139999999905 -0.0017
368.01399999999046 -0.0013
368.21399999999045 -0.001
368.41399999999044 -0.001
368.6139999999904 -0.001
368.8139999999904 -0.001
369.0139999999904 -0.001
369.2139999999904 -0.001
369.4139999999904 -0.001
369.61399999999037 -0.001
369.81399999999036 -0.001
370.01399999999035 -0.001
370.21399999999034 -0.001
370.4139999999903 -0.001
370.6139999999903 -0.001
370.8139999999903 -0.001
371.0139999999903 -0.001
371.2139999999903 -0.001
371.41399999999027 -0.0013
371.61399999999026 -0.0018
371.81399999999024 -0.0012
372.01399999999023 -0.001
372.2139999999902 -0.001
372.4139999999902 -0.001
372.6139999999902 -0.001
372.8139999999902 -0.001
373.0139999999902 -0.001
373.21399999999016 -0.001
373.41399999999015 -0.001
373.61399999999014 -0.001
373.81399999999013 -0.001
374.0139999999901 -0.001
374.2139999999901 -0.001
374.4139999999901 -0.001
374.6139999999901 -0.001
374.8139999999901 -0.001
375.01399999999006 -0.001
375.21399999999005 -0.001
375.41399999999004 -0.001
375.61399999999 -0.001
375.81399999999 -0.001
376.01399999999 -0.001
376.21399999999 -0.001
376.41399999999 -0.001
376.61399999998997 -0.001
376.81399999998996 -0.001
377.01399999998995 -0.001
377.21399999998994 -0.001
377.4139999999899 -0.001
377.6139999999899 -0.001
377.8139999999899 -0.001
378.0139999999899 -0.001
378.2139999999899 -0.001
378.41399999998987 -0.001
378.61399999998986 -0.001
378.81399999998985 -0.001
379.01399999998984 -0.001
379.2139999999898 -0.001
379.4139999999898 -0.001
379.6139999999898 -0.001
379.8139999999898 -0.001
380.0139999999898 -0.001
380.21399999998977 -0.001
380.41399999998976 -0.001
380.61399999998974 -0.001
380.81399999998973 -0.001
381.0139999999897 -0.001
381.2139999999897 -0.001
381.4139999999897 -0.001
381.6139999999897 -0.0017
381.8139999999897 -0.0017
382.01399999998966 -0.0012
382.21399999998965 -0.001
382.41399999998964 -0.001
382.61399999998963 -0.001
382.8139999999896 -0.001
383.0139999999896 -0.001
383.2139999999896 -0.001
383.4139999999896 -0.001
383.6139999999896 -0.001
383.81399999998956 -0.001
384.01399999998955 -0.001
384.21399999998954 -0.001
384.4139999999895 -0.001
384.6139999999895 -0.001
384.8139999999895 -0.001
385.0139999999895 -0.001
385.2139999999895 -0.001
385.41399999998947 -0.001
385.61399999998946 -0.001
385.81399999998945 -0.001
386.01399999998944 -0.001
386.2139999999894 -0.001
386.4139999999894 -0.001
386.6139999999894 -0.001
386.8139999999894 -0.001
387.0139999999894 -0.001
387.21399999998937 -0.001
387.41399999998936 -0.001
387.61399999998935 -0.001
387.81399999998933 -0.001
388.0139999999893 -0.001
388.2139999999893 -0.001
388.4139999999893 -0.001
388.6139999999893 -0.001
388.8139999999893 -0.001
389.01399999998927 -0.001
389.21399999998926 -0.001
389.41399999998924 -0.001
389.61399999998923 -0.001
389.8139999999892 -0.001
390.0139999999892 -0.001
390.2139999999892 -0.001
390.4139999999892 -0.0004
390.6139999999892 -0.0003
390.81399999998916 -0.001
391.01399999998915 -0.001
391.21399999998914 -0.001
391.41399999998913 -0.001
391.6139999999891 -0.001
391.8139999999891 -0.001
392.0139999999891 -0.001
392.2139999999891 -0.001
392.4139999999891 -0.001
392.61399999998906 -0.001
392.81399999998905 -0.001
393.01399999998904 -0.001
393.213999999989 -0.001
393.413999999989 -0.001
393.613999999989 -0.001
393.813999999989 -0.001
394.013999999989 -0.001
394.21399999998897 -0.001
394.41399999998896 -0.001
394.61399999998895 -0.001
394.81399999998894 -0.001
395.0139999999889 -0.001
395.2139999999889 -0.001
395.4139999999889 -0.001
395.6139999999889 -0.001
395.8139999999889 -0.001
396.01399999998887 -0.001
396.21399999998886 -0.001
396.41399999998885 -0.001
396.61399999998883 -0.001
396.8139999999888 -0.001
397.0139999999888 -0.001
397.2139999999888 -0.001
397.4139999999888 -0.0005
397.6139999999888 -0.0003
397.81399999998877 -0.001
398.01399999998876 -0.001
398.21399999998874 -0.001
398.41399999998873 -0.001
398.6139999999887 -0.001
398.8139999999887 -0.001
399.0139999999887 -0.001
399.2139999999887 -0.001
399.4139999999887 -0.001
399.61399999998866 -0.001
399.81399999998865 -0.001
400.01399999998864 -0.001
400.21399999998863 -0.001
400.4139999999886 -0.001
400.6139999999886 -0.001
400.8139999999886 -0.001
401.0139999999886 -0.001
401.2139999999886 -0.001
401.41399999998856 -0.001
401.61399999998855 -0.001
401.81399999998854 -0.001
402.0139999999885 -0.001
402.2139999999885 -0.001
402.4139999999885 -0.001
402.6139999999885 -0.001
402.8139999999885 -0.001
403.01399999998847 -0.001
403.21399999998846 -0.001
403.41399999998845 -0.001
403.61399999998844 -0.001
403.8139999999884 -0.001
404.0139999999884 -0.001
404.2139999999884 -0.001
404.4139999999884 -0.001
404.6139999999884 -0.001
404.81399999998837 -0.001
405.01399999998836 -0.0007
405.21399999998835 -0.0004
405.41399999998833 0.0
405.6139999999883 -0.0003
405.8139999999883 -0.0008
406.0139999999883 -0.001
406.2139999999883 -0.001
406.4139999999883 -0.001
406.61399999998827 -0.001
406.81399999998825 -0.0003
