200.323 0.001
200.523 0.001
200.723 0.001
200.923 0.001
201.123 0.001
201.323 0.001
201.523 0.0006
201.723 0.0001
201.923 0.001
202.123 0.001
202.323 0.001
202.523 0.0006
202.723 0.0002
202.923 0.001
203.123 0.001
203.323 0.0007
203.523 0.0
203.723 0.0
203.923 0.0009
204.123 0.001
204.323 0.001
204.523 0.001
204.723 0.001
204.923 0.001
205.123 0.001
205.323 0.001
205.523 0.001
205.723 0.001
205.923 0.001
206.123 0.001
206.323 0.001
206.523 0.001
206.723 0.001
206.923 0.001
207.123 0.001
207.323 0.001
207.523 0.001
207.723 0.0008
207.923 0.0003
208.123 0.0003
208.323 0.001
208.523 0.001
208.723 0.001
208.923 0.0013
209.123 0.002
209.323 0.002
209.523 0.001
209.723 0.001
209.923 0.001
210.123 0.001
210.323 0.0019
210.523 0.0015
210.723 0.0011
210.923 0.0013
211.123 0.0018
211.323 0.0014
211.523 0.001
211.723 0.001
211.923 0.001
212.123 0.0007
212.323 0.0002
212.523 0.0006
212.723 0.001
212.923 0.001
213.123 0.001
213.323 0.001
213.523 0.001
213.723 0.001
213.923 0.001
214.123 0.001
214.323 0.001
214.523 0.001
214.723 0.0009
214.923 0.0004
215.123 0.0002
215.323 0.001
215.523 0.001
215.723 0.001
215.923 0.001
216.123 0.001
216.323 0.001
216.523 0.001
216.723 0.001
216.923 0.001
217.123 0.001
217.323 0.001
217.523 0.001
217.723 0.001
217.923 0.001
218.123 0.001
218.323 0.0003
218.523 0.001
218.723 0.001
218.923 0.001
219.123 0.001
219.323 0.001
219.523 0.001
219.723 0.001
219.923 0.001
220.123 0.001
220.323 0.001
220.523 0.001
220.723 0.001
220.923 0.001
221.123 0.001
221.323 0.001
221.523 0.001
221.723 0.001
221.923 0.001
222.123 0.001
222.323 0.001
222.523 0.001
222.723 0.001
222.923 0.001
223.123 0.001
223.323 0.001
223.523 0.001
223.723 0.001
223.923 0.001
224.123 0.001
224.323 0.001
224.523 0.001
224.723 0.001
224.923 0.001
225.123 0.001
225.323 0.001
225.523 0.001
225.723 0.001
225.923 0.001
226.123 0.001
226.323 0.001
226.523 0.001
226.723 0.001
226.923 0.001
227.123 0.0002
227.323 0.0007
227.523 0.001
227.723 0.001
227.923 0.0003
228.123 0.0006
228.323 0.0009
228.523 0.001
228.723 0.001
228.923 0.001
229.123 0.001
229.323 0.001
229.523 0.001
229.723 0.0
229.923 0.0
230.123 0.0004
230.323 0.001
230.523 0.001
230.723 0.001
230.923 0.001
231.123 0.001
231.323 0.0003
231.523 0.0
231.723 0.0001
231.923 0.0006
232.123 0.001
232.323 0.001
232.523 0.001
232.723 0.0008
232.923 0.0004
233.123 0.0
233.323 0.001
233.523 0.001
233.723 0.001
233.923 0.001
234.123 0.001
234.323 0.001
234.523 0.001
234.723 0.001
234.923 0.001
235.123 0.001
235.323 0.001
235.523 0.001
235.723 0.001
235.923 0.001
236.123 0.001
236.323 0.001
236.523 0.0004
236.723 0.0008
236.923 0.0006
237.123 0.0003
237.323 0.0002
237.523 0.0009
237.723 0.001
237.923 0.001
238.123 0.001
238.323 0.001
238.523 0.001
238.723 0.001
238.923 0.001
239.123 0.001
239.323 0.001
239.523 0.0003
239.723 0.0009
239.923 0.001
240.123 0.001
240.323 0.001
240.523 0.001
240.723 0.001
240.923 0.001
241.123 0.001
241.323 0.001
241.523 0.001
241.723 0.001
241.923 0.001
242.123 0.001
242.323 0.001
242.523 0.001
242.723 0.0005
242.923 0.0
243.123 0.001
243.323 0.001
243.523 0.001
243.723 0.001
243.923 0.001
244.123 0.001
244.323 0.001
244.523 0.001
244.723 0.001
244.923 0.001
245.123 0.001
245.323 0.001
245.523 0.001
245.723 0.001
245.923 0.001
246.123 0.001
246.323 0.001
246.523 0.001
246.723 0.001
246.923 0.001
247.123 0.001
247.323 0.001
247.523 0.0006
247.723 0.0001
247.923 0.0005
248.123 0.0008
248.323 0.0
248.523 0.0001
248.723 0.0007
248.923 0.001
249.123 0.001
249.323 0.001
249.523 0.001
249.723 0.001
249.923 0.001
250.123 0.001
250.323 0.001
250.523 0.001
250.723 0.001
250.923 0.001
251.123 0.001
251.323 0.001
251.523 0.001
251.723 0.001
251.923 0.001
252.123 0.001
252.323 0.001
252.523 0.001
252.723 0.001
252.923 0.001
253.123 0.001
253.323 0.001
253.523 0.001
253.723 0.001
253.923 0.001
254.123 0.001
254.323 0.001
254.523 0.001
254.723 0.001
254.923 0.0007
255.123 0.0003
255.323 0.0008
255.523 0.001
255.723 0.001
255.923 0.001
256.123 0.001
256.323 0.001
256.523 0.001
256.723 0.001
256.923 0.001
257.123 0.001
257.323 0.001
257.523 0.001
257.723 0.001
257.923 0.001
258.123 0.001
258.323 0.001
258.523 0.001
258.723 0.001
258.923 0.001
259.123 0.001
259.323 0.001
259.523 0.0008
259.723 0.0004
259.923 0.0001
260.123 0.001
260.323 0.0007
260.523 0.0002
260.723 0.0008
260.923 0.001
261.123 0.001
261.323 0.001
261.523 0.001
261.723 0.001
261.923 0.001
262.123 0.001
262.323 0.001
262.523 0.001
262.723 0.001
262.923 0.001
263.123 0.001
263.323 0.001
263.523 0.001
263.723 0.001
263.923 0.001
264.123 0.001
264.323 0.001
264.523 0.0017
264.723 0.0016
264.923 0.001
265.123 0.001
265.323 0.001
265.523 0.0005
265.723 0.0002
265.923 0.0007
266.123 0.001
266.323 0.001
266.523 0.001
266.723 0.001
266.923 0.001
267.123 0.001
267.323 0.001
267.523 0.001
267.723 0.001
267.923 0.001
268.123 0.001
268.323 0.001
268.523 0.001
268.723 0.001
268.923 0.001
269.123 0.001
269.323 0.0009
269.523 0.0006
269.723 0.0001
269.923 0.0008
270.123 0.001
270.323 0.001
270.523 0.001
270.723 0.001
270.923 0.001
271.123 0.001
271.323 0.001
271.523 0.001
271.723 0.001
271.923 0.001
272.123 0.001
272.323 0.001
272.523 0.0014
272.723 0.0016
272.923 0.001
273.123 0.001
273.323 0.001
273.523 0.001
273.723 0.0014
273.923 0.0019
274.123 0.0013
274.323 0.001
274.523 0.001
274.723 0.001
274.923 0.001
275.123 0.0007
275.323 0.0002
275.523 0.001
275.723 0.001
275.923 0.001
276.123 0.001
276.323 0.001
276.523 0.001
276.723 0.001
276.923 0.001
277.123 0.001
277.323 0.001
277.523 0.001
277.723 0.001
277.923 0.001
278.123 0.001
278.323 0.001
278.523 0.001
278.723 0.0
278.923 0.0006
279.123 0.001
279.323 0.001
279.523 0.001
279.723 0.001
279.923 0.001
280.123 0.001
280.323 0.001
280.523 0.001
280.723 0.001
280.923 0.001
281.123 0.001
281.323 0.001
281.523 0.001
281.723 0.001
281.923 0.001
282.123 0.001
282.323 0.0014
282.523 0.0016
282.723 0.001
282.923 0.001
283.123 0.001
283.323 0.001
283.523 0.001
283.723 0.001
283.923 0.001
284.123 0.001
284.323 0.001
284.523 0.001
284.723 0.002
284.923 0.0015
285.123 0.002
285.323 0.002
285.523 0.0015
285.723 0.001
285.923 0.001
286.123 0.0014
286.323 0.002
286.523 0.002
286.723 0.002
286.923 0.0018
287.123 0.001
287.323 0.0011
287.523 0.0015
287.723 0.0018
287.923 0.0019
288.123 0.001
288.323 0.0017
288.523 0.0017
288.723 0.001
288.923 0.001
289.123 0.0016
289.323 0.0013
289.523 0.0016
289.723 0.002
289.923 0.002
290.123 0.002
290.323 0.002
290.523 0.002
290.723 0.002
290.923 0.002
291.123 0.002
291.323 0.002
291.523 0.002
291.723 0.0013
291.923 0.001
292.123 0.001
292.323 0.001
292.523 0.0014
292.723 0.002
292.923 0.002
293.123 0.002
293.323 0.002
293.523 0.0011
293.723 0.0015
293.923 0.0019
294.123 0.002
294.323 0.002
294.523 0.002
294.723 0.002
294.923 0.002
295.123 0.002
295.323 0.002
295.523 0.002
295.723 0.002
295.923 0.002
296.123 0.002
296.323 0.002
296.523 0.002
296.723 0.002
296.923 0.002
297.123 0.002
297.323 0.002
297.523 0.002
297.723 0.002
297.923 0.002
298.123 0.002
298.323 0.002
298.523 0.0025
298.723 0.003
298.923 0.0027
299.123 0.0021
299.323 0.0026
299.523 0.0027
299.723 0.002
299.923 0.002
300.123 0.002
300.323 0.002
300.523 0.002
300.723 0.0026
300.923 0.0024
301.123 0.002
301.323 0.002
301.523 0.002
301.723 0.002
301.923 0.002
302.123 0.002
302.323 0.002
302.523 0.002
302.723 0.002
302.923 0.002
303.123 0.002
303.323 0.002
303.523 0.0021
303.723 0.0028
303.923 0.003
304.123 0.003
304.323 0.003
304.523 0.003
304.723 0.003
304.923 0.003
305.123 0.003
305.323 0.003
305.523 0.0027
305.723 0.0021
305.923 0.002
306.123 0.002
306.323 0.0025
306.523 0.003
306.723 0.003
306.923 0.003
307.123 0.003
307.323 0.003
307.523 0.003
307.723 0.003
307.923 0.003
308.123 0.003
308.323 0.003
308.523 0.003
308.723 0.003
308.923 0.003
309.123 0.003
309.323 0.003
309.523 0.003
309.723 0.003
309.923 0.003
310.123 0.0035
310.323 0.0037
310.523 0.003
310.723 0.003
310.923 0.003
311.123 0.003
311.323 0.003
311.523 0.003
311.723 0.003
311.923 0.0039
312.123 0.004
312.323 0.004
312.523 0.0033
312.723 0.003
312.923 0.003
313.123 0.003
313.323 0.0033
313.523 0.0037
313.723 0.004
313.923 0.004
314.123 0.004
314.323 0.004
314.523 0.004
314.723 0.004
314.923 0.004
315.123 0.004
315.323 0.004
315.523 0.004
315.723 0.004
315.923 0.004
316.123 0.0048
316.323 0.005
316.523 0.0049
316.723 0.0042
316.923 0.004
317.123 0.004
317.323 0.0046
317.523 0.0048
317.723 0.0044
317.923 0.004
318.123 0.005
318.323 0.005
318.523 0.005
318.723 0.005
318.923 0.005
319.123 0.005
319.323 0.005
319.523 0.005
319.723 0.005
319.923 0.005
320.123 0.005
320.323 0.005
320.523 0.005
320.723 0.005
320.923 0.005
321.123 0.005
321.323 0.005
321.523 0.005
321.723 0.005
321.923 0.005
322.123 0.005
322.323 0.005
322.523 0.005
322.723 0.005
322.923 0.005
323.123 0.0057
323.323 0.006
323.523 0.0057
323.723 0.0052
323.923 0.005
324.123 0.0054
324.323 0.006
324.523 0.0055
324.723 0.006
324.923 0.006
325.123 0.006
325.323 0.006
325.523 0.0068
325.723 0.0063
325.923 0.006
326.123 0.0062
326.323 0.007
326.523 0.007
326.723 0.007
326.923 0.0071
327.123 0.008
327.323 0.0076
327.523 0.007
327.723 0.007
327.923 0.007
328.123 0.007
328.323 0.007
328.523 0.0079
328.723 0.0072
328.923 0.0075
329.123 0.008
329.323 0.008
329.523 0.008
329.723 0.008
329.923 0.008
330.123 0.008
330.323 0.008
330.523 0.008
330.723 0.008
330.923 0.008
331.123 0.008
331.323 0.008
331.523 0.008
331.723 0.008
331.923 0.008
332.123 0.008
332.323 0.008
332.523 0.008
332.723 0.0082
332.923 0.009
333.123 0.009
333.323 0.009
333.523 0.009
333.723 0.009
333.923 0.009
334.123 0.009
334.323 0.0095
334.523 0.01
334.723 0.01
334.923 0.01
335.123 0.01
335.323 0.0098
335.523 0.0093
335.723 0.009
335.923 0.0095
336.123 0.01
336.323 0.01
336.523 0.0101
336.723 0.0108
336.923 0.011
337.123 0.011
337.323 0.011
337.523 0.011
337.723 0.011
337.923 0.0108
338.123 0.0103
338.323 0.01
338.523 0.0106
338.723 0.011
338.923 0.011
339.123 0.011
339.323 0.011
339.523 0.011
339.723 0.011
339.923 0.012
340.123 0.012
340.323 0.012
340.523 0.012
340.723 0.012
340.923 0.012
341.123 0.012
341.323 0.012
341.523 0.0122
341.723 0.0127
341.923 0.0127
342.123 0.012
342.323 0.0122
342.523 0.0128
342.723 0.013
342.923 0.013
343.123 0.0131
343.323 0.0137
343.523 0.014
343.723 0.0135
343.923 0.013
344.123 0.013
344.323 0.014
344.523 0.014
344.723 0.0135
344.923 0.0131
345.123 0.0138
345.323 0.0142
345.523 0.0149
345.723 0.0154
345.923 0.0159
346.123 0.016
346.323 0.016
346.523 0.0157
346.723 0.015
346.923 0.0151
347.123 0.016
347.323 0.016
347.523 0.016
347.723 0.0163
347.923 0.0169
348.123 0.017
348.323 0.017
348.523 0.017
348.723 0.017
348.923 0.017
349.123 0.017
349.323 0.0179
349.523 0.0175
349.723 0.0171
349.923 0.017
350.123 0.0171
350.323 0.018
350.523 0.018
350.723 0.018
350.923 0.018
351.123 0.018
351.323 0.018
351.523 0.018
351.723 0.018
351.923 0.0182
352.123 0.0188
352.323 0.019
352.523 0.02
352.723 0.02
352.923 0.0199
353.123 0.0193
353.323 0.0196
353.523 0.0204
353.723 0.021
353.923 0.021
354.123 0.021
354.323 0.021
354.523 0.021
354.723 0.021
354.923 0.021
355.123 0.0218
355.323 0.022
355.523 0.022
355.723 0.022
355.923 0.0221
356.123 0.0228
356.323 0.024
356.523 0.024
356.723 0.024
356.923 0.024
357.123 0.024
357.323 0.024
357.523 0.024
357.723 0.0234
357.923 0.0234
358.123 0.0244
358.323 0.0252
358.523 0.0259
358.723 0.026
358.923 0.0255
359.123 0.0255
359.323 0.0261
359.523 0.0268
359.723 0.027
359.923 0.027
360.123 0.027
360.323 0.027
360.523 0.027
360.723 0.028
360.923 0.028
361.123 0.0286
361.323 0.029
361.523 0.029
361.723 0.029
361.923 0.029
362.123 0.0283
362.323 0.028
362.523 0.028
362.723 0.0283
362.923 0.0286
363.123 0.0292
363.323 0.031
363.523 0.0315
363.723 0.032
363.923 0.0317
364.123 0.031
364.323 0.0315
364.523 0.0319
364.723 0.032
364.923 0.0326
365.123 0.033
365.323 0.0329
365.523 0.0324
365.723 0.0322
365.923 0.0332
366.123 0.0345
366.323 0.035
366.523 0.035
366.723 0.0349
366.923 0.034
367.123 0.034
367.323 0.0345
367.523 0.035
367.723 0.035
367.923 0.0359
368.123 0.0368
368.323 0.037
368.523 0.0371
368.723 0.0376
368.923 0.0382
369.123 0.0389
369.323 0.0382
369.523 0.038
369.723 0.0384
369.923 0.039
370.123 0.0397
370.323 0.04
370.523 0.04
370.723 0.04
370.923 0.04
371.123 0.041
371.323 0.041
371.523 0.041
371.723 0.041
371.923 0.041
372.123 0.041
372.323 0.041
372.523 0.041
372.723 0.041
372.923 0.0414
373.123 0.042
373.323 0.042
373.523 0.0433
373.723 0.044
373.923 0.044
374.123 0.044
374.323 0.044
374.523 0.044
374.723 0.0444
374.923 0.0449
375.123 0.045
375.323 0.045
375.523 0.0457
375.723 0.0467
375.923 0.047
376.123 0.047
376.323 0.048
376.523 0.048
376.723 0.048
376.923 0.048
377.123 0.049
377.323 0.049
377.523 0.049
377.723 0.049
377.923 0.049
378.123 0.049
378.323 0.0494
378.523 0.0499
378.723 0.051
378.923 0.051
379.123 0.051
379.323 0.051
379.523 0.0516
379.723 0.052
379.923 0.052
380.123 0.052
380.323 0.053
380.523 0.053
380.723 0.053
380.923 0.053
381.123 0.0533
381.323 0.054
381.523 0.054
381.723 0.054
381.923 0.054
382.123 0.054
382.323 0.054
382.523 0.0543
382.723 0.056
382.923 0.0564
383.123 0.0568
383.323 0.0573
383.523 0.0577
383.723 0.0571
383.923 0.0576
384.123 0.0583
384.323 0.0589
384.523 0.0594
384.723 0.0599
384.923 0.06
385.123 0.061
385.323 0.062
385.523 0.062
385.723 0.061
385.923 0.0614
386.123 0.0617
386.323 0.062
386.523 0.062
386.723 0.062
386.923 0.0622
387.123 0.0627
387.323 0.0634
387.523 0.0644
387.723 0.0653
387.923 0.067
388.123 0.067
388.323 0.067
388.523 0.069
388.723 0.069
388.923 0.0681
389.123 0.0684
389.323 0.0688
389.523 0.071
389.723 0.071
389.923 0.071
390.123 0.071
390.323 0.071
390.523 0.071
390.723 0.071
390.923 0.071
391.123 0.0718
391.323 0.0736
391.523 0.075
391.723 0.075
391.923 0.0746
392.123 0.0743
392.323 0.0748
392.523 0.075
392.723 0.075
392.923 0.075
393.123 0.075
393.323 0.0757
393.523 0.0764
393.723 0.077
393.923 0.077
394.123 0.0774
394.323 0.0779
394.523 0.0772
394.723 0.0771
394.923 0.0775
395.123 0.0779
395.323 0.08
395.523 0.0801
395.723 0.0811
395.923 0.0817
396.123 0.0826
396.323 0.0827
396.523 0.082
396.723 0.0822
396.923 0.0827
397.123 0.0838
397.323 0.085
397.523 0.085
397.723 0.0842
397.923 0.0845
398.123 0.085
398.323 0.0845
398.523 0.0842
398.723 0.0851
398.923 0.0854
399.123 0.0858
399.323 0.086
399.523 0.086
399.723 0.087
399.923 0.0875
400.123 0.088
400.323 0.0892
400.523 0.0897
400.723 0.0907
400.923 0.0918
401.123 0.0925
401.323 0.093
401.523 0.093
401.723 0.093
401.923 0.0941
402.123 0.0948
402.323 0.0956
402.523 0.096
402.723 0.096
402.923 0.096
403.123 0.097
403.323 0.098
403.523 0.0996
403.723 0.099
403.923 0.099
404.123 0.0992
404.323 0.0999
404.523 0.101
404.723 0.1009
404.923 0.1004
405.123 0.1
405.323 0.1
405.523 0.103
405.723 0.103
405.923 0.103
406.123 0.103
406.323 0.1032
406.523 0.1037
406.723 0.1043
406.923 0.1049
407.123 0.1054
407.323 0.1059
407.523 0.1063
407.723 0.1071
407.923 0.1076
408.123 0.1082
408.323 0.109
408.523 0.1093
408.723 0.11
408.923 0.11
409.123 0.1111
409.323 0.1127
409.523 0.114
409.723 0.1132
409.923 0.1137
410.123 0.1148
410.323 0.1163
410.523 0.1169
410.723 0.119
410.923 0.119
411.123 0.119
411.323 0.119
411.523 0.119
411.723 0.1197
411.923 0.12
412.123 0.1206
412.323 0.1236
412.523 0.1245
412.723 0.125
412.923 0.125
413.123 0.125
413.323 0.1256
413.523 0.1264
413.723 0.127
413.923 0.127
414.123 0.127
414.323 0.1274
414.523 0.1289
414.723 0.13
414.923 0.13
415.123 0.1306
415.323 0.1316
415.523 0.1326
415.723 0.1341
415.923 0.1354
416.123 0.136
416.323 0.136
416.523 0.136
416.723 0.136
416.923 0.1362
417.123 0.1369
417.323 0.1382
417.523 0.1386
417.723 0.139
417.923 0.1392
418.123 0.1402
418.323 0.1409
418.523 0.1404
418.723 0.14
418.923 0.1401
419.123 0.142
419.323 0.142
419.523 0.1426
419.723 0.1439
419.923 0.1452
420.123 0.1457
420.323 0.1474
420.523 0.1492
420.723 0.1496
420.923 0.1503
421.123 0.1513
421.323 0.1526
421.523 0.1539
421.723 0.155
421.923 0.1549
422.123 0.1539
422.323 0.1528
422.523 0.1513
422.723 0.152
422.923 0.1539
423.123 0.1549
423.323 0.1556
423.523 0.1564
423.723 0.1572
423.923 0.1579
424.123 0.1585
424.323 0.1595
424.523 0.161
424.723 0.1611
424.923 0.1616
425.123 0.1641
425.323 0.1647
425.523 0.1648
425.723 0.1644
425.923 0.164
426.123 0.1645
426.323 0.1656
426.523 0.1669
426.723 0.1679
426.923 0.1688
427.123 0.1704
427.323 0.1709
427.523 0.1715
427.723 0.1716
427.923 0.171
428.123 0.1712
428.323 0.1721
428.523 0.1732
428.723 0.1744
428.923 0.175
429.123 0.175
429.323 0.1743
429.523 0.174
429.723 0.1744
429.923 0.1753
430.123 0.1759
430.323 0.1785
430.523 0.1795
430.723 0.1805
430.923 0.1825
431.123 0.1841
431.323 0.1846
431.523 0.1851
431.723 0.186
431.923 0.1861
432.123 0.1867
432.323 0.1875
432.523 0.187
432.723 0.1867
432.923 0.1881
433.123 0.1906
433.323 0.1916
433.523 0.1922
433.723 0.1929
433.923 0.193
434.123 0.1923
434.323 0.1925
434.523 0.1929
434.723 0.1922
434.923 0.1932
435.123 0.1952
435.323 0.1978
435.523 0.2001
435.723 0.2005
435.923 0.2009
436.123 0.2015
436.323 0.202
436.523 0.2026
436.723 0.2027
436.923 0.2026
437.123 0.2043
437.323 0.2052
437.523 0.2058
437.723 0.2065
437.923 0.208
438.123 0.21
438.323 0.21
438.523 0.21
438.723 0.21
438.923 0.211
439.123 0.212
439.323 0.212
439.523 0.2124
439.723 0.2136
439.923 0.215
440.123 0.216
440.323 0.2171
440.523 0.2185
440.723 0.2195
440.923 0.2179
441.123 0.2172
441.323 0.2173
441.523 0.2178
441.723 0.2197
441.923 0.2192
442.123 0.22
442.323 0.222
442.523 0.2235
442.723 0.2242
442.923 0.2247
443.123 0.2248
443.323 0.2241
443.523 0.2251
443.723 0.2263
443.923 0.227
444.123 0.227
444.323 0.2277
444.523 0.2293
444.723 0.2308
444.923 0.2321
445.123 0.233
445.323 0.233
445.523 0.234
445.723 0.235
445.923 0.2363
446.123 0.2383
446.323 0.2389
446.523 0.2396
446.723 0.24
446.923 0.2398
447.123 0.2392
447.323 0.2395
447.523 0.24
447.723 0.24
447.923 0.2402
448.123 0.2415
