END	440	START	200	SCAN SPEED	120	RESPONSE	5	EMISSION0					TEMPERATURE	25									OPERATOR	GPS	REF NO	1	DATE TIME	11-03-2021 14:26:51	SAMPLE	FLU	199.504	0.001
200.123	0.001
200.639	0.001
200.845	0.001
201.051	0.001
201.361	0.001
201.774	0.000
201.877	0.001
202.083	0.001
202.392	0.001
202.702	0.000
202.805	0.001
203.218	0.001
203.527	0.000
203.733	0.000
203.940	0.001
204.146	0.001
204.559	0.001
204.662	0.001
205.074	0.001
205.178	0.001
205.384	0.001
205.693	0.001
205.900	0.001
206.312	0.001
206.725	0.001
207.137	0.001
207.344	0.001
207.653	0.001
208.066	0.000
208.272	0.001
208.478	0.001
208.891	0.001
208.994	0.002
209.407	0.002
209.510	0.001
209.819	0.001
210.129	0.001
210.335	0.002
210.748	0.001
210.851	0.001
211.057	0.002
211.470	0.001
211.573	0.001
211.986	0.001
211.986	0.001
212.398	0.000
212.605	0.001
213.017	0.001
213.120	0.001
213.533	0.001
213.533	0.001
214.049	0.001
214.152	0.001
214.564	0.001
214.668	0.001
215.080	0.000
215.286	0.001
215.596	0.001
215.802	0.001
216.112	0.001
216.318	0.001
216.627	0.001
216.834	0.001
217.143	0.001
217.246	0.001
217.659	0.001
217.762	0.001
218.175	0.001
218.381	0.000
218.484	0.001
218.897	0.001
219.206	0.001
219.309	0.001
219.722	0.001
219.722	0.001
220.238	0.001
220.547	0.001
220.650	0.001
221.063	0.001
221.166	0.001
221.579	0.001
221.476	0.001
221.888	0.001
222.198	0.001
222.404	0.001
222.713	0.001
223.023	0.001
223.229	0.001
223.435	0.001
223.745	0.001
224.054	0.001
224.158	0.001
224.570	0.001
224.880	0.001
224.983	0.001
225.292	0.001
225.808	0.001
225.911	0.001
226.117	0.001
226.427	0.001
226.633	0.001
227.046	0.001
227.046	0.000
227.458	0.001
227.768	0.001
227.768	0.000
228.387	0.001
228.490	0.001
228.593	0.001
229.006	0.001
228.903	0.001
229.521	0.001
229.728	0.000
230.037	0.000
230.244	0.001
230.450	0.001
230.656	0.001
230.966	0.001
231.172	0.001
231.378	0.000
231.688	0.000
232.100	0.001
232.307	0.001
232.513	0.001
232.616	0.001
233.132	0.000
233.235	0.001
233.648	0.001
233.957	0.001
233.957	0.001
234.370	0.001
234.679	0.001
234.782	0.001
234.989	0.001
235.298	0.001
235.711	0.001
235.917	0.001
236.123	0.001
236.330	0.001
236.639	0.000
236.742	0.001
237.258	0.000
237.567	0.001
237.774	0.001
237.877	0.001
238.186	0.001
238.496	0.001
238.805	0.001
239.011	0.001
239.321	0.001
239.630	0.000
239.734	0.001
239.940	0.001
240.352	0.001
240.559	0.001
240.868	0.001
240.971	0.001
241.281	0.001
241.384	0.001
241.900	0.001
242.106	0.001
242.312	0.001
242.519	0.001
242.931	0.000
243.034	0.001
243.447	0.001
243.550	0.001
243.963	0.001
244.066	0.001
244.375	0.001
244.685	0.001
244.788	0.001
244.994	0.001
245.510	0.001
245.510	0.001
245.923	0.001
246.232	0.001
246.542	0.001
246.748	0.001
247.057	0.001
247.161	0.001
247.367	0.001
247.779	0.000
248.089	0.001
248.295	0.000
248.502	0.000
248.811	0.001
249.224	0.001
249.430	0.001
249.533	0.001
249.636	0.001
250.152	0.001
250.358	0.001
250.771	0.001
250.874	0.001
251.493	0.001
251.596	0.001
251.699	0.001
252.009	0.001
252.215	0.001
252.421	0.001
252.731	0.001
253.040	0.001
253.247	0.001
253.659	0.001
253.969	0.001
254.175	0.001
254.278	0.001
254.484	0.001
254.897	0.001
255.000	0.000
255.413	0.001
255.516	0.001
255.825	0.001
255.928	0.001
256.341	0.001
256.651	0.001
256.857	0.001
257.063	0.001
257.373	0.001
257.579	0.001
257.992	0.001
258.198	0.001
258.404	0.001
258.610	0.001
258.817	0.001
259.126	0.001
259.436	0.001
259.951	0.000
259.951	0.001
260.261	0.001
260.467	0.000
260.777	0.001
260.983	0.001
261.292	0.001
261.396	0.001
261.808	0.001
262.014	0.001
262.427	0.001
262.530	0.001
262.737	0.001
263.149	0.001
263.355	0.001
263.459	0.001
263.974	0.001
264.284	0.001
264.387	0.001
264.593	0.002
264.903	0.001
265.212	0.001
265.418	0.001
265.625	0.000
266.037	0.001
266.141	0.001
266.450	0.001
266.656	0.001
267.172	0.001
267.378	0.001
267.585	0.001
267.791	0.001
267.894	0.001
268.204	0.001
268.410	0.001
268.823	0.001
269.235	0.001
269.235	0.000
269.338	0.001
269.751	0.000
269.957	0.001
270.267	0.001
270.473	0.001
270.782	0.001
271.195	0.001
271.298	0.001
271.608	0.001
271.814	0.001
272.020	0.001
272.433	0.001
272.639	0.002
272.845	0.001
273.258	0.001
273.361	0.001
273.568	0.001
273.980	0.002
274.186	0.001
274.393	0.001
274.805	0.001
275.012	0.001
275.424	0.000
275.527	0.001
275.837	0.001
275.940	0.001
276.249	0.001
276.353	0.001
276.765	0.001
276.972	0.001
277.384	0.001
277.487	0.001
277.694	0.001
278.003	0.001
278.209	0.001
278.622	0.001
278.725	0.000
279.035	0.001
279.138	0.001
279.550	0.001
279.757	0.001
280.066	0.001
280.479	0.001
280.685	0.001
280.994	0.001
281.098	0.001
281.510	0.001
281.613	0.001
282.026	0.001
282.232	0.001
282.439	0.002
282.645	0.001
283.058	0.001
283.161	0.001
283.470	0.001
283.573	0.001
283.883	0.001
283.986	0.001
284.605	0.001
284.708	0.002
285.121	0.001
285.121	0.002
285.327	0.002
285.739	0.001
286.049	0.001
286.255	0.002
286.462	0.002
286.874	0.002
287.080	0.001
287.287	0.001
287.803	0.002
287.906	0.002
288.112	0.001
288.421	0.002
288.731	0.001
288.937	0.001
289.247	0.002
289.350	0.001
289.659	0.002
289.969	0.002
290.278	0.002
290.484	0.002
290.794	0.002
290.897	0.002
291.310	0.002
291.516	0.002
291.825	0.001
292.032	0.001
292.238	0.001
292.444	0.001
292.651	0.002
292.960	0.002
293.373	0.002
293.476	0.001
293.992	0.002
294.095	0.002
294.507	0.002
294.611	0.002
294.817	0.002
295.023	0.002
295.539	0.002
295.642	0.002
295.848	0.002
296.261	0.002
296.364	0.002
296.570	0.002
296.880	0.002
297.086	0.002
297.602	0.002
297.705	0.002
297.808	0.002
298.118	0.002
298.427	0.002
298.634	0.003
298.840	0.003
299.149	0.002
299.459	0.003
299.665	0.002
299.974	0.002
300.181	0.002
300.593	0.002
300.800	0.003
301.006	0.002
301.315	0.002
301.419	0.002
301.625	0.002
302.038	0.002
302.244	0.002
302.656	0.002
302.760	0.002
303.069	0.002
303.379	0.002
303.482	0.002
303.791	0.003
304.101	0.003
304.410	0.003
304.616	0.003
304.926	0.003
305.132	0.003
305.442	0.003
305.751	0.002
305.854	0.002
306.164	0.002
306.473	0.003
306.576	0.003
306.886	0.003
307.092	0.003
307.401	0.003
307.917	0.003
308.020	0.003
308.330	0.003
308.433	0.003
308.742	0.003
309.052	0.003
309.155	0.003
309.465	0.003
309.671	0.003
309.980	0.003
310.290	0.004
310.393	0.003
310.599	0.003
311.012	0.003
311.218	0.003
311.734	0.003
311.940	0.004
312.043	0.004
312.456	0.004
312.559	0.003
312.765	0.003
313.075	0.003
313.178	0.003
313.694	0.004
314.003	0.004
314.003	0.004
314.106	0.004
314.725	0.004
314.932	0.004
315.138	0.004
315.654	0.004
315.757	0.004
315.963	0.004
316.169	0.005
316.479	0.005
316.788	0.004
317.098	0.004
317.201	0.004
317.407	0.005
317.923	0.004
318.026	0.005
318.439	0.005
318.645	0.005
318.748	0.005
319.161	0.005
319.367	0.005
319.573	0.005
319.780	0.005
320.295	0.005
320.295	0.005
320.708	0.005
320.811	0.005
321.121	0.005
321.430	0.005
321.636	0.005
321.946	0.005
322.152	0.005
322.255	0.005
322.668	0.005
322.977	0.005
323.184	0.006
323.390	0.006
323.803	0.005
324.009	0.005
324.318	0.006
324.422	0.005
324.628	0.006
324.937	0.006
325.453	0.006
325.453	0.007
325.866	0.006
326.072	0.006
326.278	0.007
326.691	0.007
326.897	0.007
327.104	0.008
327.207	0.008
327.516	0.007
327.826	0.007
328.032	0.007
328.341	0.007
328.548	0.008
328.754	0.007
329.063	0.008
329.476	0.008
329.579	0.008
330.095	0.008
330.095	0.008
330.404	0.008
330.611	0.008
331.023	0.008
331.126	0.008
331.333	0.008
331.642	0.008
331.849	0.008
332.158	0.008
332.467	0.008
332.674	0.008
332.880	0.009
333.190	0.009
333.396	0.009
333.705	0.009
334.015	0.009
334.221	0.009
334.427	0.010
334.737	0.010
335.149	0.010
335.253	0.010
335.665	0.009
335.768	0.009
336.078	0.010
336.387	0.010
336.490	0.010
336.800	0.011
337.109	0.011
337.419	0.011
337.522	0.011
337.831	0.011
338.244	0.010
338.347	0.010
338.657	0.011
338.863	0.011
339.172	0.011
339.379	0.011
339.791	0.011
339.894	0.012
340.307	0.012
340.513	0.012
340.823	0.012
340.823	0.012
341.339	0.012
341.442	0.012
341.854	0.013
342.061	0.012
342.267	0.012
342.576	0.013
342.886	0.013
343.092	0.013
343.402	0.014
343.505	0.014
343.917	0.013
344.124	0.013
344.227	0.014
344.536	0.014
344.949	0.013
345.155	0.014
345.258	0.014
345.568	0.015
345.980	0.016
346.084	0.016
346.496	0.016
346.599	0.015
346.909	0.015
347.115	0.016
347.321	0.016
347.631	0.016
347.940	0.017
348.250	0.017
348.559	0.017
348.662	0.017
349.075	0.017
349.281	0.017
349.281	0.018
349.797	0.017
350.107	0.017
350.313	0.018
350.519	0.018
350.932	0.018
351.138	0.018
351.344	0.018
351.551	0.018
351.860	0.018
352.170	0.019
352.376	0.019
352.479	0.020
352.892	0.020
353.201	0.019
353.407	0.020
353.717	0.021
353.820	0.021
354.336	0.021
354.336	0.021
354.748	0.021
354.955	0.021
355.161	0.022
355.367	0.022
355.883	0.022
355.883	0.022
356.192	0.023
356.296	0.024
356.708	0.024
356.915	0.024
357.430	0.024
357.533	0.024
357.843	0.023
358.049	0.024
358.256	0.025
358.565	0.026
358.874	0.026
358.978	0.025
359.287	0.026
359.597	0.027
359.906	0.027
360.112	0.027
360.525	0.027
360.525	0.028
360.937	0.028
361.247	0.029
361.453	0.029
361.556	0.029
361.969	0.029
362.175	0.028
362.382	0.028
362.588	0.028
363.104	0.029
363.104	0.029
363.310	0.031
363.723	0.032
363.826	0.032
364.135	0.031
364.548	0.032
364.857	0.032
364.960	0.033
365.270	0.033
365.682	0.032
365.889	0.033
366.198	0.035
366.301	0.035
366.714	0.035
366.817	0.034
367.230	0.034
367.436	0.035
367.746	0.035
367.952	0.036
368.158	0.037
368.364	0.037
368.468	0.037
368.880	0.038
369.087	0.039
369.396	0.038
369.602	0.038
369.912	0.039
370.221	0.040
370.324	0.040
370.737	0.040
371.046	0.040
371.046	0.041
371.459	0.041
371.665	0.041
371.975	0.041
372.284	0.041
372.284	0.041
372.800	0.041
373.109	0.042
373.316	0.042
373.625	0.044
373.832	0.044
374.038	0.044
374.450	0.044
374.554	0.044
374.966	0.045
374.966	0.045
375.379	0.045
375.585	0.046
375.791	0.047
376.204	0.047
376.307	0.048
376.720	0.048
376.926	0.048
377.132	0.049
377.442	0.049
377.751	0.049
377.958	0.049
378.164	0.049
378.577	0.050
378.577	0.051
378.989	0.051
379.195	0.051
379.402	0.051
379.608	0.052
380.124	0.052
380.124	0.053
380.536	0.053
380.536	0.053
381.052	0.053
381.258	0.054
381.568	0.054
381.774	0.054
382.084	0.054
382.496	0.054
382.599	0.055
382.703	0.056
383.218	0.057
383.218	0.057
383.631	0.058
383.734	0.057
384.044	0.058
384.353	0.059
384.766	0.060
384.972	0.060
385.281	0.062
385.281	0.062
385.694	0.062
385.694	0.061
386.313	0.062
386.519	0.062
386.726	0.062
386.829	0.062
387.241	0.063
387.448	0.064
387.860	0.066
387.860	0.067
388.376	0.067
388.479	0.069
388.892	0.069
388.892	0.068
389.408	0.069
389.408	0.071
389.820	0.071
390.130	0.071
390.336	0.071
390.542	0.071
390.955	0.071
391.161	0.072
391.367	0.074
391.471	0.075
391.883	0.075
391.986	0.074
392.399	0.075
392.502	0.075
393.018	0.075
393.121	0.075
393.430	0.076
393.637	0.077
393.946	0.077
394.359	0.078
394.565	0.077
394.668	0.077
395.184	0.078
395.184	0.080
395.494	0.080
395.700	0.081
396.009	0.082
396.216	0.083
396.525	0.082
396.628	0.082
397.041	0.083
397.247	0.085
397.557	0.085
397.763	0.084
398.072	0.085
398.175	0.085
398.485	0.084
398.691	0.085
399.207	0.086
399.207	0.086
399.516	0.086
399.723	0.087
400.135	0.088
400.239	0.089
400.651	0.090
400.754	0.091
400.961	0.092
401.270	0.093
401.786	0.093
401.889	0.094
402.198	0.095
402.405	0.096
403.024	0.096
402.920	0.096
403.333	0.098
403.436	0.100
403.643	0.099
404.055	0.099
404.365	0.100
404.468	0.101
404.674	0.101
405.087	0.100
405.396	0.100
405.396	0.103
405.912	0.103
406.015	0.103
406.221	0.103
406.634	0.104
406.943	0.105
407.356	0.106
407.459	0.106
407.665	0.107
408.078	0.108
408.284	0.109
408.491	0.109
408.594	0.110
409.006	0.110
409.213	0.112
409.522	0.114
409.625	0.113
410.038	0.114
410.244	0.116
410.554	0.117
410.657	0.119
411.069	0.119
411.173	0.119
411.585	0.119
411.792	0.120
412.101	0.120
412.204	0.123
412.617	0.125
412.720	0.125
413.133	0.125
413.442	0.126
413.648	0.127
414.061	0.127
414.164	0.127
414.267	0.127
414.680	0.130
414.989	0.130
415.196	0.131
415.608	0.133
415.711	0.134
416.021	0.136
416.227	0.136
416.640	0.136
416.846	0.136
417.155	0.137
417.259	0.138
417.671	0.139
417.878	0.139
418.084	0.140
418.290	0.141
418.703	0.140
418.909	0.140
419.115	0.142
419.425	0.142
419.734	0.144
419.837	0.145
420.250	0.146
420.353	0.148
420.456	0.149
420.869	0.150
421.075	0.151
421.385	0.153
421.694	0.155
421.900	0.155
422.313	0.153
422.416	0.151
422.726	0.152
422.932	0.154
423.138	0.155
423.448	0.156
423.654	0.157
423.964	0.158
424.273	0.159
424.479	0.161
424.686	0.161
425.098	0.162
425.098	0.164
425.408	0.165
425.923	0.164
426.027	0.164
426.233	0.165
426.542	0.167
426.955	0.169
426.955	0.170
427.368	0.171
427.677	0.172
427.780	0.171
428.090	0.171
428.502	0.173
428.605	0.174
428.915	0.175
429.121	0.175
429.431	0.174
429.637	0.174
429.843	0.175
430.153	0.176
430.359	0.179
430.668	0.180
430.875	0.182
431.081	0.184
431.494	0.185
431.700	0.186
431.906	0.186
432.216	0.187
432.422	0.188
432.628	0.186
433.041	0.189
433.144	0.191
433.454	0.192
433.763	0.193
433.969	0.193
434.176	0.192
434.485	0.193
434.795	0.192
435.104	0.195
435.413	0.199
435.620	0.201
435.826	0.200
435.929	0.201
436.342	0.202
436.651	0.203
436.858	0.202
437.064	0.204
437.270	0.205
437.580	0.206
437.889	0.207
437.992	0.210
438.405	0.210
438.714	0.210
438.921	0.211
439.127	0.212
439.436	0.212
439.643	0.213
440.055	0.216
440.158	0.216
440.468	0.218
440.674	0.220
440.881	0.218
441.190	0.217
441.603	0.218
441.603	0.220
442.015	0.219
442.221	0.221
442.428	0.223
442.634	0.224
443.047	0.225
443.356	0.224
443.666	0.226
443.872	0.227
444.181	0.227
444.388	0.228
444.594	0.230
444.903	0.232
445.110	0.233
445.316	0.233
445.729	0.235
445.832	0.235
446.038	0.238
446.348	0.239
446.657	0.240
446.863	0.240
447.173	0.239
447.482	0.240
447.689	0.240
447.895	0.240
448.204	0.242
