END	800	START	420	SCAN SPEED	120	RESPONSE	5	EMISSION0					TEMPERATURE	25									OPERATOR	GPS	REF NO	1	DATE TIME	11-03-2021 14:21:34	SAMPLE	FLU	420.147	0.133
420.560	0.135
420.972	0.136
421.385	0.135
421.591	0.135
422.004	0.138
422.210	0.140
422.313	0.140
422.519	0.141
422.932	0.141
423.241	0.142
423.345	0.144
423.860	0.144
423.757	0.145
424.273	0.147
424.582	0.147
424.686	0.146
424.995	0.147
425.305	0.148
425.511	0.148
425.717	0.150
426.027	0.151
426.233	0.153
426.542	0.152
426.852	0.151
427.058	0.153
427.368	0.156
427.677	0.156
427.986	0.155
428.090	0.157
428.296	0.158
428.502	0.159
428.812	0.159
429.224	0.161
429.327	0.162
429.637	0.162
429.843	0.163
430.153	0.162
430.668	0.163
430.668	0.166
430.772	0.166
431.287	0.168
431.494	0.169
431.700	0.169
432.009	0.171
432.319	0.172
432.731	0.173
432.835	0.175
433.041	0.176
433.247	0.175
433.454	0.176
433.866	0.177
433.969	0.177
434.795	0.180
435.001	0.180
435.207	0.182
435.517	0.184
435.723	0.187
435.826	0.188
436.239	0.185
436.445	0.187
436.651	0.189
436.961	0.190
437.270	0.191
437.373	0.191
437.683	0.190
438.095	0.189
438.302	0.190
438.508	0.193
438.921	0.194
439.127	0.194
439.333	0.197
439.540	0.197
439.952	0.198
440.055	0.199
440.365	0.201
440.468	0.201
440.881	0.199
440.984	0.199
441.293	0.201
441.603	0.202
441.912	0.202
442.221	0.204
442.325	0.206
442.737	0.206
442.944	0.206
443.047	0.206
443.562	0.205
443.666	0.205
444.078	0.208
444.181	0.210
444.491	0.210
444.594	0.212
444.903	0.212
445.316	0.213
445.522	0.212
445.729	0.213
446.038	0.213
446.244	0.214
446.451	0.215
446.657	0.216
447.173	0.218
447.379	0.219
447.482	0.220
447.689	0.222
447.998	0.222
448.204	0.222
448.720	0.223
448.926	0.223
449.236	0.223
449.545	0.225
449.545	0.225
449.855	0.227
450.164	0.229
450.371	0.231
450.680	0.232
450.783	0.231
451.093	0.232
451.299	0.234
451.815	0.235
451.918	0.237
452.227	0.238
452.330	0.240
452.743	0.239
452.846	0.239
453.156	0.238
453.465	0.239
453.775	0.243
453.878	0.244
454.393	0.245
454.600	0.243
454.703	0.243
454.909	0.246
455.322	0.249
455.528	0.251
455.838	0.251
456.044	0.252
456.457	0.251
456.457	0.251
456.869	0.251
456.972	0.255
457.488	0.255
457.797	0.255
458.004	0.257
458.210	0.258
458.416	0.258
458.623	0.258
459.035	0.258
459.345	0.260
459.448	0.261
459.757	0.262
460.067	0.261
460.170	0.262
460.479	0.263
460.789	0.263
461.098	0.265
461.305	0.267
461.511	0.267
461.924	0.267
462.027	0.269
462.130	0.269
462.646	0.270
462.646	0.271
462.955	0.270
463.265	0.270
463.677	0.271
463.780	0.270
464.090	0.271
464.296	0.272
464.606	0.273
464.812	0.274
465.224	0.273
465.224	0.275
465.740	0.278
465.947	0.279
466.050	0.279
466.462	0.279
466.772	0.279
466.875	0.279
467.081	0.279
467.391	0.280
467.597	0.281
467.906	0.281
468.113	0.282
468.422	0.283
468.628	0.286
469.041	0.287
469.144	0.287
469.351	0.287
469.763	0.289
470.073	0.289
470.176	0.288
470.382	0.287
470.692	0.288
470.898	0.290
471.310	0.292
471.517	0.293
471.929	0.297
472.032	0.297
472.651	0.299
472.651	0.299
472.961	0.299
473.167	0.299
473.477	0.300
473.786	0.301
473.992	0.300
474.302	0.302
474.405	0.302
474.611	0.301
474.921	0.302
475.127	0.303
475.540	0.305
475.643	0.306
476.055	0.306
476.365	0.308
476.571	0.309
476.571	0.310
477.087	0.310
477.190	0.309
477.500	0.311
477.603	0.311
477.912	0.311
478.325	0.312
478.428	0.316
478.737	0.316
479.150	0.318
479.253	0.318
479.666	0.321
479.769	0.322
480.285	0.322
480.285	0.324
480.697	0.325
481.110	0.323
481.213	0.322
481.523	0.323
481.729	0.324
481.832	0.324
482.141	0.325
482.348	0.325
482.657	0.325
482.863	0.327
483.070	0.328
483.379	0.331
483.689	0.332
483.895	0.332
484.411	0.332
484.617	0.333
484.720	0.336
484.927	0.336
485.133	0.336
485.649	0.335
485.752	0.337
485.958	0.338
486.268	0.337
486.474	0.337
486.886	0.338
487.196	0.340
487.402	0.341
487.608	0.340
487.712	0.341
488.021	0.344
488.331	0.345
488.537	0.345
488.846	0.346
489.053	0.345
489.465	0.345
489.568	0.345
489.878	0.346
490.290	0.346
490.394	0.347
490.703	0.349
491.013	0.352
491.116	0.354
491.425	0.353
491.735	0.352
492.044	0.353
492.250	0.354
492.457	0.355
492.663	0.357
493.076	0.357
493.385	0.357
493.488	0.355
493.694	0.353
494.107	0.355
494.210	0.357
494.520	0.359
494.829	0.360
495.139	0.360
495.139	0.360
495.654	0.361
495.654	0.361
496.067	0.361
496.376	0.360
496.686	0.363
496.995	0.363
497.202	0.365
497.408	0.368
497.717	0.370
498.027	0.367
498.233	0.366
498.233	0.367
498.646	0.366
498.852	0.369
499.162	0.372
499.677	0.374
499.780	0.375
499.987	0.374
500.296	0.372
500.503	0.369
500.709	0.370
501.018	0.373
501.225	0.372
501.534	0.372
501.844	0.372
502.050	0.375
502.153	0.376
502.566	0.375
502.875	0.373
502.978	0.375
503.391	0.379
503.494	0.379
503.907	0.381
504.010	0.379
504.422	0.379
504.629	0.380
505.041	0.380
505.144	0.380
505.351	0.381
505.557	0.380
505.866	0.382
505.970	0.383
506.382	0.384
506.692	0.386
507.001	0.387
507.001	0.385
507.517	0.386
507.620	0.387
508.033	0.389
508.342	0.388
508.548	0.389
508.858	0.388
509.064	0.387
509.374	0.388
509.580	0.388
509.683	0.386
510.096	0.386
510.096	0.390
510.611	0.393
510.921	0.393
511.024	0.392
511.230	0.391
511.643	0.392
511.643	0.393
512.159	0.394
512.159	0.395
512.571	0.396
512.674	0.397
512.984	0.398
513.293	0.398
513.706	0.399
513.706	0.401
514.119	0.400
514.325	0.399
514.738	0.400
515.047	0.402
515.150	0.402
515.356	0.403
515.769	0.404
516.079	0.403
516.079	0.400
516.388	0.400
516.697	0.402
516.801	0.400
517.213	0.402
517.420	0.404
517.729	0.404
517.832	0.407
518.245	0.407
518.451	0.407
518.760	0.407
518.967	0.408
519.070	0.406
519.586	0.408
519.895	0.409
519.998	0.410
520.411	0.412
520.514	0.412
520.824	0.413
521.236	0.414
521.442	0.414
521.649	0.415
521.958	0.415
522.165	0.418
522.371	0.417
522.474	0.416
522.990	0.417
523.093	0.417
523.505	0.418
523.609	0.420
524.124	0.421
524.021	0.419
524.537	0.420
524.846	0.420
525.053	0.420
525.156	0.420
525.569	0.421
525.569	0.421
526.084	0.421
526.187	0.426
526.600	0.427
526.600	0.429
527.116	0.428
527.322	0.427
527.425	0.425
527.941	0.426
528.147	0.426
528.354	0.426
528.560	0.426
528.869	0.426
529.076	0.427
529.282	0.430
529.591	0.431
529.798	0.432
530.107	0.431
530.314	0.431
530.520	0.433
530.726	0.431
531.139	0.430
531.242	0.429
531.758	0.430
531.655	0.435
532.170	0.438
532.273	0.439
532.583	0.436
532.789	0.434
533.202	0.431
533.408	0.431
533.821	0.434
534.130	0.435
534.336	0.436
534.336	0.433
534.852	0.431
534.852	0.429
535.059	0.430
535.471	0.431
535.884	0.433
535.884	0.434
536.296	0.434
536.400	0.432
536.915	0.433
536.915	0.433
537.328	0.435
537.534	0.435
537.741	0.434
537.947	0.435
538.359	0.435
538.669	0.436
538.875	0.437
538.978	0.437
539.391	0.437
539.494	0.438
539.804	0.435
540.010	0.435
540.422	0.437
540.526	0.437
541.041	0.437
541.041	0.436
541.557	0.435
541.557	0.437
541.970	0.438
542.073	0.439
542.382	0.438
542.795	0.439
543.001	0.438
543.104	0.437
543.311	0.436
543.517	0.436
543.930	0.436
544.136	0.438
544.445	0.437
544.652	0.439
544.961	0.441
545.064	0.439
545.580	0.435
545.890	0.435
545.993	0.438
546.302	0.440
546.715	0.440
546.818	0.440
547.127	0.440
547.231	0.441
547.746	0.443
547.746	0.443
548.159	0.439
548.365	0.439
548.675	0.440
548.881	0.440
549.087	0.440
549.294	0.440
549.603	0.443
549.809	0.442
550.325	0.442
550.325	0.444
550.635	0.446
550.841	0.446
551.253	0.446
551.357	0.444
551.872	0.443
551.976	0.442
552.079	0.443
552.594	0.444
552.698	0.443
552.904	0.444
553.316	0.445
553.420	0.445
553.832	0.444
553.935	0.445
554.348	0.444
554.451	0.443
554.967	0.445
554.967	0.444
555.276	0.445
555.586	0.448
555.689	0.446
555.998	0.443
556.411	0.442
556.514	0.443
556.721	0.447
557.030	0.447
557.339	0.446
557.546	0.445
557.855	0.447
558.062	0.448
558.371	0.448
558.577	0.446
558.887	0.446
559.299	0.447
559.402	0.450
559.609	0.450
560.125	0.450
560.125	0.449
560.640	0.447
560.743	0.447
561.053	0.452
561.259	0.450
561.466	0.448
561.672	0.447
561.878	0.446
562.291	0.447
562.497	0.449
562.703	0.451
563.219	0.450
563.322	0.450
563.529	0.448
563.838	0.451
564.044	0.452
564.251	0.452
564.560	0.453
564.973	0.450
565.076	0.450
565.179	0.449
565.592	0.449
565.798	0.447
566.004	0.445
566.314	0.445
566.726	0.446
566.726	0.446
567.242	0.448
567.345	0.449
567.552	0.450
567.964	0.451
568.170	0.450
568.480	0.449
568.583	0.448
568.892	0.447
569.099	0.446
569.408	0.447
569.718	0.447
569.924	0.446
570.233	0.444
570.543	0.442
570.852	0.440
570.852	0.439
571.368	0.441
571.471	0.442
571.678	0.443
571.987	0.443
572.400	0.442
572.503	0.441
572.812	0.437
573.122	0.439
573.328	0.442
573.534	0.441
573.947	0.440
574.153	0.442
574.360	0.442
574.566	0.443
574.875	0.442
575.185	0.442
575.288	0.439
575.701	0.438
576.010	0.437
576.216	0.438
576.423	0.439
576.732	0.439
577.248	0.438
577.248	0.438
577.454	0.439
577.660	0.441
578.073	0.439
578.279	0.437
578.279	0.439
578.589	0.442
579.001	0.443
579.208	0.442
579.620	0.441
579.827	0.439
580.033	0.438
580.342	0.436
580.652	0.438
580.755	0.439
581.064	0.437
581.374	0.437
581.580	0.436
581.787	0.434
582.199	0.435
582.302	0.435
582.612	0.437
582.818	0.437
583.231	0.435
583.334	0.438
583.643	0.438
583.850	0.437
584.262	0.435
584.365	0.433
584.675	0.433
584.984	0.432
585.087	0.433
585.500	0.436
585.706	0.436
585.913	0.434
586.222	0.433
586.428	0.433
586.635	0.431
586.944	0.432
587.150	0.430
587.357	0.430
587.769	0.430
587.976	0.432
588.079	0.436
588.491	0.435
588.904	0.432
589.007	0.431
589.213	0.429
589.523	0.430
589.936	0.435
589.936	0.437
590.348	0.434
590.451	0.433
590.864	0.433
591.070	0.434
591.380	0.434
591.586	0.433
591.895	0.431
592.102	0.428
592.514	0.427
592.618	0.430
592.927	0.431
593.133	0.432
593.443	0.431
593.649	0.430
593.752	0.428
594.165	0.427
594.577	0.427
594.681	0.427
594.784	0.428
595.196	0.429
595.403	0.429
595.712	0.429
595.815	0.428
596.228	0.430
596.434	0.434
596.744	0.435
596.950	0.433
597.259	0.431
597.775	0.429
597.672	0.427
598.085	0.426
598.291	0.428
598.704	0.427
598.807	0.426
599.116	0.427
599.322	0.428
599.426	0.428
599.838	0.428
600.148	0.427
600.354	0.425
600.663	0.422
600.870	0.423
601.076	0.425
601.385	0.424
601.798	0.420
601.901	0.422
602.211	0.421
602.623	0.420
602.520	0.418
602.933	0.417
603.345	0.418
603.449	0.417
603.758	0.416
604.067	0.418
604.274	0.417
604.583	0.414
604.686	0.414
604.893	0.417
605.408	0.418
605.512	0.417
605.821	0.415
606.027	0.414
606.130	0.414
606.543	0.411
606.749	0.412
607.162	0.412
607.265	0.411
607.471	0.410
607.781	0.409
608.090	0.409
608.400	0.410
608.606	0.413
608.916	0.412
609.431	0.410
609.328	0.409
609.638	0.408
609.844	0.408
610.153	0.408
610.566	0.408
610.669	0.406
610.875	0.405
611.185	0.404
611.288	0.404
611.701	0.403
611.804	0.403
612.320	0.401
612.423	0.400
612.732	0.399
613.042	0.401
613.248	0.402
613.661	0.402
613.764	0.401
614.073	0.397
614.383	0.393
614.589	0.394
614.795	0.395
615.105	0.394
615.414	0.393
615.620	0.391
615.827	0.390
615.827	0.390
616.446	0.392
616.549	0.392
616.858	0.389
617.271	0.387
617.374	0.385
617.580	0.385
617.890	0.386
618.096	0.386
618.406	0.385
618.715	0.384
618.921	0.383
619.334	0.383
619.437	0.380
619.643	0.377
619.953	0.379
620.056	0.380
620.469	0.379
620.881	0.376
620.984	0.377
621.191	0.378
621.500	0.381
622.016	0.379
622.016	0.375
622.532	0.373
622.532	0.374
622.944	0.372
623.047	0.368
623.460	0.373
623.563	0.374
623.770	0.372
624.079	0.371
624.492	0.372
624.698	0.372
624.904	0.371
625.110	0.370
625.420	0.368
625.626	0.369
625.936	0.367
626.245	0.365
626.348	0.364
626.658	0.363
626.967	0.364
627.277	0.362
627.586	0.361
627.586	0.362
627.999	0.361
628.308	0.359
628.205	0.360
628.721	0.358
629.237	0.357
629.340	0.353
629.752	0.353
629.752	0.355
630.268	0.355
630.268	0.353
630.474	0.352
630.784	0.352
631.093	0.353
631.196	0.353
631.403	0.352
631.815	0.350
632.022	0.351
632.331	0.352
632.641	0.352
632.744	0.348
633.260	0.346
633.363	0.347
633.569	0.349
633.982	0.347
634.188	0.344
634.497	0.344
634.704	0.344
634.910	0.344
635.116	0.343
635.426	0.344
635.632	0.343
636.045	0.342
636.354	0.342
636.457	0.339
636.664	0.336
637.076	0.335
637.179	0.333
637.489	0.333
637.695	0.335
638.005	0.336
638.314	0.335
638.623	0.336
638.830	0.334
638.830	0.332
639.346	0.331
639.552	0.332
639.861	0.331
640.068	0.329
640.480	0.330
640.480	0.327
640.790	0.325
641.099	0.325
641.409	0.325
641.615	0.325
641.924	0.325
642.027	0.323
642.337	0.321
642.853	0.321
642.956	0.321
643.265	0.321
643.472	0.320
643.575	0.319
643.987	0.317
644.297	0.315
644.503	0.314
644.813	0.314
645.019	0.316
645.225	0.318
645.638	0.318
645.844	0.316
646.154	0.316
646.257	0.315
646.463	0.313
646.772	0.311
647.082	0.310
647.391	0.310
647.701	0.312
647.804	0.312
648.113	0.310
648.320	0.309
648.629	0.307
648.939	0.306
649.042	0.306
649.351	0.307
649.661	0.306
649.867	0.304
650.280	0.303
650.383	0.305
650.692	0.305
651.002	0.304
651.208	0.301
651.414	0.301
651.621	0.301
651.930	0.301
652.240	0.301
652.549	0.301
652.858	0.300
653.065	0.298
653.374	0.299
653.477	0.297
653.890	0.297
653.993	0.296
654.303	0.296
654.612	0.295
654.818	0.295
655.128	0.294
655.334	0.294
655.747	0.294
655.953	0.292
656.056	0.292
656.572	0.293
656.572	0.292
656.985	0.292
657.191	0.292
657.397	0.292
657.707	0.291
658.016	0.292
658.119	0.290
658.532	0.287
658.738	0.285
658.841	0.284
659.254	0.284
659.667	0.283
659.770	0.283
659.873	0.284
660.285	0.284
660.492	0.283
661.007	0.282
661.007	0.282
661.317	0.280
661.626	0.278
661.730	0.277
662.142	0.276
662.245	0.276
662.761	0.274
662.761	0.272
663.071	0.271
663.380	0.271
663.586	0.273
663.896	0.273
664.205	0.270
664.308	0.269
664.721	0.267
664.824	0.264
665.340	0.263
665.340	0.263
665.752	0.263
665.856	0.263
666.165	0.263
666.475	0.263
666.887	0.261
666.990	0.261
667.197	0.259
667.403	0.258
667.816	0.259
667.919	0.258
668.331	0.257
668.434	0.255
668.847	0.253
668.950	0.252
669.466	0.252
669.466	0.252
669.879	0.252
669.982	0.251
670.497	0.251
670.601	0.248
670.910	0.247
671.013	0.248
671.529	0.248
671.632	0.246
671.942	0.244
672.251	0.244
672.457	0.242
672.561	0.241
673.076	0.240
673.076	0.239
673.489	0.241
673.798	0.240
673.902	0.237
674.108	0.237
674.417	0.234
674.727	0.231
675.036	0.230
675.139	0.233
675.552	0.234
675.758	0.231
676.068	0.228
676.171	0.228
676.583	0.226
676.687	0.226
677.099	0.226
677.306	0.225
677.718	0.223
677.718	0.221
678.234	0.220
678.440	0.219
678.750	0.218
678.956	0.217
679.265	0.217
679.369	0.216
679.575	0.214
679.987	0.213
680.297	0.213
680.400	0.212
680.813	0.211
680.916	0.210
681.225	0.209
681.432	0.208
681.741	0.207
681.947	0.209
682.257	0.208
682.566	0.207
682.876	0.207
682.876	0.207
683.392	0.206
683.495	0.202
683.598	0.200
684.423	0.200
684.320	0.201
684.526	0.199
684.939	0.200
685.042	0.198
685.351	0.196
685.558	0.196
685.764	0.194
685.970	0.194
686.177	0.194
686.486	0.196
686.796	0.196
687.208	0.196
687.518	0.194
687.518	0.191
687.930	0.190
688.137	0.190
688.446	0.189
688.652	0.189
689.065	0.187
689.168	0.185
689.478	0.186
689.684	0.187
690.096	0.186
690.096	0.184
690.509	0.183
690.715	0.183
691.025	0.183
691.231	0.182
691.437	0.182
691.747	0.182
692.056	0.181
692.263	0.179
692.675	0.178
692.778	0.178
693.088	0.178
693.191	0.178
693.604	0.177
693.913	0.176
694.223	0.173
694.326	0.173
694.532	0.173
694.738	0.171
695.151	0.170
695.357	0.171
695.667	0.173
695.873	0.172
696.079	0.171
696.286	0.170
696.698	0.169
696.801	0.168
697.214	0.167
697.420	0.166
697.730	0.166
697.833	0.167
698.245	0.167
698.452	0.167
698.864	0.166
698.864	0.164
699.071	0.163
699.380	0.162
699.690	0.162
700.102	0.163
700.205	0.164
700.515	0.164
700.824	0.162
701.031	0.161
701.237	0.161
701.443	0.160
701.959	0.159
701.959	0.159
702.372	0.159
702.681	0.159
703.197	0.160
703.094	0.160
703.506	0.159
703.713	0.158
703.816	0.157
704.125	0.156
704.435	0.158
704.538	0.158
705.054	0.159
705.157	0.157
705.363	0.154
705.672	0.153
705.982	0.151
706.085	0.152
706.394	0.152
706.601	0.151
706.807	0.151
707.117	0.152
707.529	0.151
707.632	0.151
708.045	0.149
708.251	0.149
708.561	0.149
708.870	0.150
709.180	0.149
709.076	0.150
709.695	0.148
709.695	0.147
710.108	0.148
710.314	0.147
710.521	0.147
710.727	0.146
711.139	0.146
711.346	0.145
711.758	0.144
711.758	0.143
712.274	0.142
712.377	0.142
712.584	0.140
712.893	0.140
713.203	0.140
713.306	0.141
713.718	0.140
713.925	0.139
714.131	0.138
714.337	0.137
714.750	0.137
714.956	0.136
715.266	0.136
715.369	0.135
715.884	0.135
716.091	0.135
716.297	0.137
716.503	0.135
716.813	0.134
717.019	0.133
717.225	0.133
717.535	0.133
717.844	0.131
718.154	0.131
718.360	0.130
718.463	0.128
718.979	0.127
718.979	0.127
719.289	0.129
719.598	0.127
720.011	0.127
720.011	0.127
720.526	0.127
720.526	0.127
720.939	0.126
721.145	0.125
721.248	0.124
721.867	0.123
721.867	0.122
722.177	0.122
722.383	0.122
722.693	0.121
723.002	0.120
723.311	0.119
723.518	0.119
723.724	0.117
724.137	0.118
724.343	0.116
724.549	0.115
724.756	0.116
725.065	0.116
725.478	0.116
725.581	0.115
725.787	0.113
726.200	0.114
726.303	0.115
726.715	0.113
726.922	0.114
727.025	0.113
727.334	0.112
727.850	0.113
727.850	0.110
728.263	0.109
728.469	0.108
728.882	0.108
728.882	0.107
729.294	0.107
729.501	0.106
729.810	0.105
729.810	0.105
730.326	0.106
730.532	0.106
730.842	0.104
730.842	0.104
731.357	0.104
731.564	0.102
731.770	0.102
731.873	0.102
732.286	0.103
732.389	0.102
732.801	0.100
733.111	0.098
733.317	0.098
733.524	0.099
733.936	0.099
734.246	0.099
734.349	0.099
734.452	0.098
734.865	0.098
734.968	0.098
735.483	0.098
735.587	0.096
735.896	0.094
736.102	0.094
736.515	0.095
736.618	0.095
736.928	0.094
737.134	0.093
737.443	0.093
737.650	0.093
737.959	0.093
738.062	0.092
738.372	0.093
738.681	0.093
738.784	0.091
739.197	0.090
739.610	0.089
739.610	0.089
739.919	0.090
740.125	0.090
740.641	0.090
740.744	0.091
741.054	0.091
741.363	0.089
741.466	0.087
741.776	0.087
742.188	0.087
742.188	0.087
742.704	0.087
742.807	0.086
743.014	0.085
743.323	0.085
743.632	0.085
743.736	0.086
744.251	0.085
744.355	0.084
744.767	0.084
744.973	0.084
745.386	0.084
745.386	0.084
745.696	0.083
745.902	0.082
746.314	0.083
746.521	0.083
746.624	0.081
746.933	0.080
747.140	0.079
747.552	0.079
747.862	0.079
747.965	0.079
748.377	0.079
748.481	0.079
748.790	0.079
748.996	0.077
749.409	0.075
749.409	0.075
749.925	0.077
750.131	0.077
750.441	0.077
750.647	0.076
750.956	0.076
751.059	0.075
751.266	0.075
751.678	0.074
751.885	0.074
752.091	0.074
752.607	0.075
752.607	0.074
752.813	0.074
753.226	0.074
753.535	0.073
753.845	0.072
754.051	0.071
754.360	0.071
754.567	0.071
754.567	0.070
754.979	0.070
755.392	0.071
755.598	0.071
755.701	0.070
756.114	0.070
756.217	0.070
756.630	0.070
756.733	0.069
757.145	0.067
757.352	0.068
757.558	0.068
757.867	0.069
758.177	0.069
758.280	0.069
758.590	0.069
758.899	0.068
759.002	0.066
759.208	0.066
759.724	0.067
759.931	0.066
760.240	0.066
760.343	0.065
760.653	0.064
760.962	0.065
761.065	0.064
761.375	0.063
761.787	0.064
761.890	0.064
762.200	0.065
762.612	0.065
762.819	0.063
762.922	0.063
763.335	0.063
763.541	0.063
763.850	0.063
763.953	0.063
764.366	0.062
764.572	0.061
764.882	0.061
765.088	0.062
765.398	0.062
765.294	0.061
765.913	0.061
766.120	0.061
766.326	0.061
766.635	0.061
767.151	0.060
767.151	0.059
767.461	0.059
767.667	0.058
767.976	0.058
768.286	0.059
768.389	0.058
768.595	0.059
768.905	0.059
769.317	0.058
769.524	0.058
769.627	0.058
770.039	0.059
770.555	0.059
770.555	0.059
770.762	0.058
771.071	0.057
771.380	0.057
771.587	0.057
771.896	0.057
772.102	0.057
772.309	0.057
772.618	0.057
772.928	0.057
773.134	0.056
773.237	0.056
773.547	0.055
773.753	0.056
774.269	0.055
774.269	0.055
774.578	0.055
774.991	0.055
775.094	0.055
775.300	0.054
775.713	0.054
775.816	0.054
776.125	0.053
776.332	0.054
776.744	0.054
776.951	0.053
777.260	0.053
777.363	0.053
777.982	0.053
778.188	0.053
778.292	0.053
778.601	0.052
778.807	0.052
779.117	0.053
779.323	0.053
779.426	0.052
779.839	0.051
780.252	0.051
780.355	0.051
780.767	0.051
780.870	0.051
781.077	0.051
781.283	0.051
781.696	0.050
782.005	0.050
782.418	0.050
782.418	0.051
782.521	0.052
782.933	0.052
783.140	0.051
783.656	0.051
783.862	0.050
783.965	0.049
784.068	0.048
784.481	0.049
784.481	0.049
784.893	0.049
785.306	0.049
785.409	0.048
785.719	0.048
786.028	0.049
786.234	0.048
786.544	0.048
786.853	0.047
787.060	0.047
787.369	0.047
787.575	0.046
787.885	0.047
788.091	0.046
788.504	0.047
788.607	0.046
788.813	0.046
789.123	0.046
789.329	0.046
789.432	0.045
789.845	0.046
790.154	0.046
790.360	0.047
790.670	0.047
790.773	0.047
791.186	0.046
791.392	0.046
791.701	0.045
791.908	0.045
792.217	0.045
792.423	0.046
792.733	0.046
792.939	0.046
793.146	0.045
793.558	0.045
793.764	0.046
793.971	0.047
794.487	0.046
794.383	0.045
794.796	0.044
794.899	0.044
795.312	0.045
795.518	0.044
795.828	0.044
796.034	0.044
796.446	0.045
796.446	0.045
796.859	0.045
796.962	0.044
797.168	0.044
797.375	0.044
797.891	0.044
797.994	0.044
798.303	0.044
798.613	0.043
798.922	0.043
799.025	0.043
799.335	0.042
799.747	0.042
799.850	0.043
800.263	0.042
800.469	0.043
800.676	0.042
800.985	0.042
801.088	0.041
801.501	0.042
801.707	0.041
802.017	0.042
802.326	0.042
802.429	0.042
802.739	0.042
803.048	0.042
803.254	0.043
803.564	0.044
803.667	0.043
804.080	0.042
804.389	0.043
804.699	0.043
804.802	0.043
805.111	0.043
805.318	0.042
805.730	0.041
805.833	0.041
806.040	0.042
806.349	0.042
806.762	0.041
806.968	0.041
807.174	0.042
807.381	0.042
807.690	0.042
807.896	0.042
808.206	0.042
808.206	0.042
808.722	0.040
808.928	0.040
809.134	0.041
809.650	0.040
809.753	0.041
810.063	0.041
810.269	0.040
810.475	0.041
810.681	0.041
811.094	0.040
811.300	0.040
811.507	0.040
811.919	0.040
812.126	0.040
812.435	0.040
812.744	0.040
812.848	0.040
