420.76 0.1355
420.96 0.136
421.15999999999997 0.1355
421.35999999999996 0.1351
421.55999999999995 0.135
421.75999999999993 0.1362
421.9599999999999 0.1377
422.1599999999999 0.1395
422.3599999999999 0.1402
422.5599999999999 0.141
422.7599999999999 0.141
422.95999999999987 0.1411
423.15999999999985 0.1417
423.35999999999984 0.144
423.55999999999983 0.144
423.7599999999998 0.144
423.9599999999998 0.1458
424.1599999999998 0.1466
424.3599999999998 0.147
424.5599999999998 0.147
424.75999999999976 0.1462
424.95999999999975 0.1469
425.15999999999974 0.1475
425.35999999999973 0.148
425.5599999999997 0.1485
425.7599999999997 0.1501
425.9599999999997 0.1508
426.1599999999997 0.1523
426.3599999999997 0.1526
426.55999999999966 0.1519
426.75999999999965 0.1513
426.95999999999964 0.152
427.1599999999996 0.154
427.3599999999996 0.1559
427.5599999999996 0.156
427.7599999999996 0.1557
427.9599999999996 0.1551
428.15999999999957 0.1573
428.35999999999956 0.1583
428.55999999999955 0.159
428.75999999999954 0.159
428.9599999999995 0.1597
429.1599999999995 0.1607
429.3599999999995 0.162
429.5599999999995 0.162
429.7599999999995 0.1626
429.95999999999947 0.1626
430.15999999999946 0.162
430.35999999999945 0.1624
430.55999999999943 0.1628
430.7599999999994 0.166
430.9599999999994 0.1667
431.1599999999994 0.1675
431.3599999999994 0.1684
431.5599999999994 0.169
431.75999999999937 0.1694
431.95999999999935 0.1707
432.15999999999934 0.1715
432.35999999999933 0.1721
432.5599999999993 0.1726
432.7599999999993 0.1736
432.9599999999993 0.1756
433.1599999999993 0.1754
433.3599999999993 0.1755
433.55999999999926 0.1763
433.75999999999925 0.1767
433.95999999999924 0.177
434.15999999999923 0.1777
434.3599999999992 0.1784
434.5599999999992 0.1791
434.7599999999992 0.1799
434.9599999999992 0.18
435.1599999999992 0.1815
435.35999999999916 0.183
435.55999999999915 0.1846
435.75999999999914 0.1874
435.9599999999991 0.187
436.1599999999991 0.1856
436.3599999999991 0.1862
436.5599999999991 0.1881
436.7599999999991 0.1894
436.95999999999907 0.19
437.15999999999906 0.1906
437.35999999999905 0.191
437.55999999999904 0.1904
437.759999999999 0.1898
437.959999999999 0.1893
438.159999999999 0.1893
438.359999999999 0.1908
438.559999999999 0.1931
438.75999999999897 0.1936
438.95999999999896 0.194
439.15999999999894 0.1945
439.35999999999893 0.197
439.5599999999989 0.197
439.7599999999989 0.1975
439.9599999999989 0.1981
440.1599999999989 0.1997
440.3599999999989 0.201
440.55999999999887 0.2006
440.75999999999885 0.1996
440.95999999999884 0.199
441.15999999999883 0.2001
441.3599999999988 0.2012
441.5599999999988 0.2019
441.7599999999988 0.202
441.9599999999988 0.2023
442.1599999999988 0.2036
442.35999999999876 0.206
442.55999999999875 0.206
442.75999999999874 0.206
442.95999999999873 0.206
443.1599999999987 0.2058
443.3599999999987 0.2054
443.5599999999987 0.205
443.7599999999987 0.2057
443.9599999999987 0.2071
444.15999999999866 0.2096
444.35999999999865 0.21
444.55999999999864 0.2113
444.7599999999986 0.212
444.9599999999986 0.2121
445.1599999999986 0.2126
445.3599999999986 0.2128
445.5599999999986 0.2122
445.75999999999857 0.213
445.95999999999856 0.213
446.15999999999855 0.2136
446.35999999999854 0.2146
446.5599999999985 0.2155
446.7599999999985 0.2164
446.9599999999985 0.2172
447.1599999999985 0.2179
447.3599999999985 0.2189
447.55999999999847 0.2208
447.75999999999846 0.222
447.95999999999844 0.222
448.15999999999843 0.222
448.3599999999984 0.2223
448.5599999999984 0.2227
448.7599999999984 0.223
448.9599999999984 0.223
449.1599999999984 0.223
449.35999999999837 0.2238
449.55999999999835 0.2251
449.75999999999834 0.2264
449.95999999999833 0.2277
450.1599999999983 0.229
450.3599999999983 0.2309
450.5599999999983 0.2316
450.7599999999983 0.2312
450.9599999999983 0.2316
451.15999999999826 0.2327
451.35999999999825 0.2341
451.55999999999824 0.2345
451.75999999999823 0.2349
451.9599999999982 0.2371
452.1599999999982 0.2378
452.3599999999982 0.2399
452.5599999999982 0.2394
452.7599999999982 0.239
452.95999999999816 0.2386
453.15999999999815 0.238
453.35999999999814 0.2387
453.5599999999981 0.2402
453.7599999999981 0.2428
453.9599999999981 0.2442
454.1599999999981 0.2445
454.3599999999981 0.2449
454.55999999999807 0.2434
454.75999999999806 0.2438
454.95999999999805 0.2464
455.15999999999804 0.2478
455.359999999998 0.2494
455.559999999998 0.251
455.759999999998 0.251
455.959999999998 0.2516
456.159999999998 0.2517
456.35999999999797 0.2512
456.55999999999796 0.251
456.75999999999794 0.251
456.95999999999793 0.2545
457.1599999999979 0.255
457.3599999999979 0.255
457.5599999999979 0.255
457.7599999999979 0.255
457.9599999999979 0.2566
458.15999999999786 0.2578
458.35999999999785 0.258
458.55999999999784 0.258
458.75999999999783 0.258
458.9599999999978 0.258
459.1599999999978 0.2588
459.3599999999978 0.2601
459.5599999999978 0.2614
459.7599999999978 0.262
459.95999999999776 0.2613
460.15999999999775 0.2619
460.35999999999774 0.2626
460.55999999999773 0.263
460.7599999999977 0.263
460.9599999999977 0.2641
461.1599999999977 0.2656
461.3599999999977 0.267
461.5599999999977 0.267
461.75999999999766 0.267
461.95999999999765 0.2677
462.15999999999764 0.2691
462.3599999999976 0.2694
462.5599999999976 0.2698
462.7599999999976 0.2706
462.9599999999976 0.27
463.1599999999976 0.27
463.35999999999757 0.2702
463.55999999999756 0.2707
463.75999999999755 0.2702
463.95999999999754 0.2706
464.1599999999975 0.2713
464.3599999999975 0.2722
464.5599999999975 0.2729
464.7599999999975 0.2737
464.9599999999975 0.2736
465.15999999999747 0.2732
465.35999999999746 0.2758
465.55999999999744 0.277
465.75999999999743 0.2781
465.9599999999974 0.279
466.1599999999974 0.279
466.3599999999974 0.279
466.5599999999974 0.279
466.7599999999974 0.279
466.95999999999736 0.279
467.15999999999735 0.2793
467.35999999999734 0.2799
467.55999999999733 0.2808
467.7599999999973 0.281
467.9599999999973 0.2813
468.1599999999973 0.2822
468.3599999999973 0.2828
468.5599999999973 0.285
468.75999999999726 0.2863
468.95999999999725 0.2868
469.15999999999724 0.287
469.3599999999972 0.287
469.5599999999972 0.288
469.7599999999972 0.289
469.9599999999972 0.289
470.1599999999972 0.2882
470.35999999999717 0.2871
470.55999999999716 0.2876
470.75999999999715 0.2887
470.95999999999714 0.2903
471.1599999999971 0.2913
471.3599999999971 0.2922
471.5599999999971 0.2934
471.7599999999971 0.2954
471.9599999999971 0.297
472.15999999999707 0.2974
472.35999999999706 0.2981
472.55999999999705 0.2987
472.75999999999704 0.299
472.959999999997 0.299
473.159999999997 0.299
473.359999999997 0.2996
473.559999999997 0.3003
473.759999999997 0.3009
473.95999999999697 0.3002
474.15999999999696 0.3011
474.35999999999694 0.302
474.55999999999693 0.3012
474.7599999999969 0.3015
474.9599999999969 0.3022
475.1599999999969 0.3032
475.3599999999969 0.3041
475.5599999999969 0.3052
475.75999999999686 0.306
475.95999999999685 0.306
476.15999999999684 0.3067
476.35999999999683 0.308
476.5599999999968 0.3089
476.7599999999968 0.31
476.9599999999968 0.31
477.1599999999968 0.3093
477.3599999999968 0.3101
477.55999999999676 0.311
477.75999999999675 0.311
477.95999999999674 0.3111
478.1599999999967 0.3116
478.3599999999967 0.3134
478.5599999999967 0.316
478.7599999999967 0.3161
478.9599999999967 0.3171
479.15999999999667 0.318
479.35999999999666 0.3188
479.55999999999665 0.3202
479.75999999999664 0.3219
479.9599999999966 0.322
480.1599999999966 0.322
480.3599999999966 0.3242
480.5599999999966 0.3247
480.7599999999966 0.3247
480.95999999999657 0.3237
481.15999999999656 0.3225
481.35999999999655 0.3225
481.55999999999653 0.3232
481.7599999999965 0.324
481.9599999999965 0.3244
482.1599999999965 0.325
482.3599999999965 0.325
482.5599999999965 0.325
482.75999999999647 0.326
482.95999999999646 0.3275
483.15999999999644 0.3289
483.35999999999643 0.3308
483.5599999999964 0.3316
483.7599999999964 0.332
483.9599999999964 0.332
484.1599999999964 0.332
484.3599999999964 0.332
484.55999999999636 0.3327
484.75999999999635 0.336
484.95999999999634 0.336
485.15999999999633 0.3359
485.3599999999963 0.3356
485.5599999999963 0.3352
485.7599999999963 0.337
485.9599999999963 0.338
486.1599999999963 0.3373
486.35999999999626 0.337
486.55999999999625 0.3372
486.75999999999624 0.3377
486.9599999999962 0.3385
487.1599999999962 0.3398
487.3599999999962 0.3408
487.5599999999962 0.3402
487.7599999999962 0.3415
487.95999999999617 0.3434
488.15999999999616 0.3444
488.35999999999615 0.345
488.55999999999614 0.3451
488.7599999999961 0.3457
488.9599999999961 0.3454
489.1599999999961 0.345
489.3599999999961 0.345
489.5599999999961 0.345
489.75999999999607 0.3456
489.95999999999606 0.346
490.15999999999605 0.346
490.35999999999603 0.3467
490.559999999996 0.3481
490.759999999996 0.3496
490.959999999996 0.3515
491.159999999996 0.3539
491.359999999996 0.3532
491.55999999999597 0.3526
491.75999999999596 0.3521
491.95999999999594 0.3527
492.15999999999593 0.3536
492.3599999999959 0.3545
492.5599999999959 0.356
492.7599999999959 0.357
492.9599999999959 0.357
493.1599999999959 0.357
493.35999999999586 0.357
493.55999999999585 0.3543
493.75999999999584 0.3533
493.95999999999583 0.3543
494.1599999999958 0.356
494.3599999999958 0.358
494.5599999999958 0.3591
494.7599999999958 0.3598
494.9599999999958 0.36
495.15999999999576 0.36
495.35999999999575 0.3604
495.55999999999574 0.3608
495.7599999999957 0.361
495.9599999999957 0.361
496.1599999999957 0.3607
496.3599999999957 0.3601
496.5599999999957 0.3618
496.75999999999567 0.363
496.95999999999566 0.363
497.15999999999565 0.3646
497.35999999999564 0.3673
497.5599999999956 0.369
497.7599999999956 0.3696
497.9599999999956 0.3676
498.1599999999956 0.3664
498.3599999999956 0.3667
498.55999999999557 0.3662
498.75999999999556 0.3677
498.95999999999555 0.37
499.15999999999553 0.372
499.3599999999955 0.3728
499.5599999999955 0.3735
499.7599999999955 0.3748
499.9599999999955 0.3741
500.1599999999955 0.3729
500.35999999999547 0.3711
500.55999999999545 0.3693
500.75999999999544 0.3705
500.95999999999543 0.3724
501.1599999999954 0.3723
501.3599999999954 0.372
501.5599999999954 0.372
501.7599999999954 0.372
501.9599999999954 0.3737
502.15999999999536 0.376
502.35999999999535 0.3755
502.55999999999534 0.375
502.75999999999533 0.3737
502.9599999999953 0.3747
503.1599999999953 0.3768
503.3599999999953 0.3787
503.5599999999953 0.3793
503.7599999999953 0.3803
503.95999999999526 0.38
504.15999999999525 0.379
504.35999999999524 0.379
504.5599999999952 0.3797
504.7599999999952 0.38
504.9599999999952 0.38
505.1599999999952 0.3801
505.3599999999952 0.381
505.55999999999517 0.38
505.75999999999516 0.3813
505.95999999999515 0.3829
506.15999999999514 0.3835
506.3599999999951 0.3839
506.5599999999951 0.3851
506.7599999999951 0.3862
506.9599999999951 0.3869
507.1599999999951 0.3853
507.35999999999507 0.3857
507.55999999999506 0.3864
507.75999999999505 0.3877
507.95999999999503 0.3886
508.159999999995 0.3886
508.359999999995 0.3881
508.559999999995 0.389
508.759999999995 0.3883
508.959999999995 0.3875
509.15999999999497 0.3873
509.35999999999495 0.388
509.55999999999494 0.388
509.75999999999493 0.386
509.9599999999949 0.386
510.1599999999949 0.3904
510.3599999999949 0.3915
510.5599999999949 0.3927
510.7599999999949 0.393
510.95999999999486 0.3926
511.15999999999485 0.3913
511.35999999999484 0.3913
511.55999999999483 0.3918
511.7599999999948 0.3932
511.9599999999948 0.3936
512.1599999999949 0.395
512.3599999999949 0.3955
512.559999999995 0.396
512.759999999995 0.3973
512.959999999995 0.3979
513.1599999999951 0.398
513.3599999999951 0.3982
513.5599999999952 0.3986
513.7599999999952 0.4009
513.9599999999953 0.4004
514.1599999999953 0.3998
514.3599999999954 0.3991
514.5599999999954 0.3996
514.7599999999954 0.4001
514.9599999999955 0.4014
515.1599999999955 0.402
515.3599999999956 0.403
515.5599999999956 0.4035
515.7599999999957 0.404
515.9599999999957 0.4034
516.1599999999958 0.4
516.3599999999958 0.4
516.5599999999959 0.4011
516.7599999999959 0.4008
516.959999999996 0.4008
517.159999999996 0.4017
517.359999999996 0.4034
517.5599999999961 0.404
517.7599999999961 0.4049
517.9599999999962 0.407
518.1599999999962 0.407
518.3599999999963 0.407
518.5599999999963 0.407
518.7599999999964 0.407
518.9599999999964 0.408
519.1599999999964 0.4063
519.3599999999965 0.4071
519.5599999999965 0.4079
519.7599999999966 0.4086
519.9599999999966 0.4096
520.1599999999967 0.4108
520.3599999999967 0.4118
520.5599999999968 0.4121
520.7599999999968 0.4128
520.9599999999969 0.4133
521.1599999999969 0.4138
521.359999999997 0.414
521.559999999997 0.4146
521.759999999997 0.415
521.9599999999971 0.415
522.1599999999971 0.4179
522.3599999999972 0.4171
522.5599999999972 0.4162
522.7599999999973 0.4166
522.9599999999973 0.4169
523.1599999999974 0.4172
523.3599999999974 0.4176
523.5599999999974 0.4191
523.7599999999975 0.4203
523.9599999999975 0.4207
524.1599999999976 0.4193
524.3599999999976 0.4197
524.5599999999977 0.42
524.7599999999977 0.42
524.9599999999978 0.42
525.1599999999978 0.42
525.3599999999979 0.4205
525.5599999999979 0.421
525.759999999998 0.421
525.959999999998 0.421
526.159999999998 0.4247
526.3599999999981 0.4264
526.5599999999981 0.4269
526.7599999999982 0.4287
526.9599999999982 0.4283
527.1599999999983 0.4278
527.3599999999983 0.4263
527.5599999999984 0.4253
527.7599999999984 0.4256
527.9599999999984 0.426
528.1599999999985 0.426
528.3599999999985 0.426
528.5599999999986 0.426
528.7599999999986 0.426
528.9599999999987 0.4264
529.1599999999987 0.4282
529.3599999999988 0.4303
529.5599999999988 0.4309
529.7599999999989 0.4318
529.9599999999989 0.4315
530.159999999999 0.431
530.359999999999 0.4314
530.559999999999 0.4326
530.7599999999991 0.4309
530.9599999999991 0.4304
531.1599999999992 0.4298
531.3599999999992 0.4292
531.5599999999993 0.4296
531.7599999999993 0.4356
531.9599999999994 0.4368
532.1599999999994 0.4379
532.3599999999994 0.4382
532.5599999999995 0.4362
532.7599999999995 0.4343
532.9599999999996 0.4328
533.1599999999996 0.4313
533.3599999999997 0.431
533.5599999999997 0.4321
533.7599999999998 0.4336
533.9599999999998 0.4344
534.1599999999999 0.4351
534.3599999999999 0.4329
534.56 0.4321
534.76 0.4314
534.96 0.4295
535.1600000000001 0.4302
535.3600000000001 0.4307
535.5600000000002 0.4314
535.7600000000002 0.4324
535.9600000000003 0.434
536.1600000000003 0.434
536.3600000000004 0.4328
536.5600000000004 0.4323
536.7600000000004 0.4327
536.9600000000005 0.4332
537.1600000000005 0.4342
537.3600000000006 0.435
537.5600000000006 0.4349
537.7600000000007 0.4341
537.9600000000007 0.435
538.1600000000008 0.435
538.3600000000008 0.435
538.5600000000009 0.4356
538.7600000000009 0.4364
538.960000000001 0.437
539.160000000001 0.437
539.360000000001 0.437
539.5600000000011 0.4374
539.7600000000011 0.4354
539.9600000000012 0.435
540.1600000000012 0.4357
540.3600000000013 0.4367
540.5600000000013 0.437
540.7600000000014 0.437
540.9600000000014 0.437
541.1600000000014 0.4358
541.3600000000015 0.4354
541.5600000000015 0.437
541.7600000000016 0.4375
541.9600000000016 0.438
542.1600000000017 0.4387
542.3600000000017 0.4381
542.5600000000018 0.4384
542.7600000000018 0.4389
542.9600000000019 0.4382
543.1600000000019 0.4367
543.360000000002 0.436
543.560000000002 0.436
543.760000000002 0.436
543.9600000000021 0.4363
544.1600000000021 0.4379
544.3600000000022 0.4373
544.5600000000022 0.4381
544.7600000000023 0.4397
544.9600000000023 0.441
545.1600000000024 0.4383
545.3600000000024 0.4367
545.5600000000024 0.4352
545.7600000000025 0.435
545.9600000000025 0.437
546.1600000000026 0.4391
546.3600000000026 0.44
546.5600000000027 0.44
546.7600000000027 0.44
546.9600000000028 0.44
547.1600000000028 0.4403
547.3600000000029 0.4415
547.5600000000029 0.4423
547.760000000003 0.4429
547.960000000003 0.4409
548.160000000003 0.439
548.3600000000031 0.439
548.5600000000031 0.4396
548.7600000000032 0.44
548.9600000000032 0.44
549.1600000000033 0.44
549.3600000000033 0.4406
549.5600000000034 0.4426
549.7600000000034 0.4422
549.9600000000034 0.442
550.1600000000035 0.442
550.3600000000035 0.4442
550.5600000000036 0.4455
550.7600000000036 0.446
550.9600000000037 0.446
551.1600000000037 0.446
551.3600000000038 0.444
551.5600000000038 0.4436
551.7600000000039 0.4432
551.9600000000039 0.4422
552.160000000004 0.4432
552.360000000004 0.4435
552.560000000004 0.4439
552.7600000000041 0.4433
552.9600000000041 0.4441
553.1600000000042 0.4446
553.3600000000042 0.445
553.5600000000043 0.4447
553.7600000000043 0.4442
553.9600000000044 0.4449
554.1600000000044 0.4445
554.3600000000044 0.4439
554.5600000000045 0.4434
554.7600000000045 0.4442
554.9600000000046 0.445
555.1600000000046 0.4446
555.3600000000047 0.4458
555.5600000000047 0.4477
555.7600000000048 0.4453
555.9600000000048 0.4434
556.1600000000049 0.4426
556.3600000000049 0.4421
556.560000000005 0.4439
556.760000000005 0.447
556.960000000005 0.447
557.1600000000051 0.4466
557.3600000000051 0.4459
557.5600000000052 0.4451
557.7600000000052 0.4464
557.9600000000053 0.4475
558.1600000000053 0.448
558.3600000000054 0.448
558.5600000000054 0.4462
558.7600000000054 0.446
558.9600000000055 0.4462
559.1600000000055 0.4467
559.3600000000056 0.4488
559.5600000000056 0.45
559.7600000000057 0.45
559.9600000000057 0.45
560.1600000000058 0.4489
560.3600000000058 0.4481
560.5600000000059 0.4473
560.7600000000059 0.4473
560.960000000006 0.4505
561.160000000006 0.451
561.360000000006 0.449
561.5600000000061 0.4475
561.7600000000061 0.4466
561.9600000000062 0.4462
562.1600000000062 0.4467
562.3600000000063 0.4477
562.5600000000063 0.4496
562.7600000000064 0.4509
562.9600000000064 0.4505
563.1600000000064 0.4501
563.3600000000065 0.4496
563.5600000000065 0.4483
563.7600000000066 0.4502
563.9600000000066 0.4516
564.1600000000067 0.452
564.3600000000067 0.4524
564.5600000000068 0.453
564.7600000000068 0.4515
564.9600000000069 0.4501
565.1600000000069 0.4492
565.360000000007 0.449
565.560000000007 0.449
565.760000000007 0.4474
565.9600000000071 0.4454
566.1600000000071 0.445
566.3600000000072 0.4451
566.5600000000072 0.4456
566.7600000000073 0.4461
566.9600000000073 0.4469
567.1600000000074 0.4477
567.3600000000074 0.4491
567.5600000000074 0.45
567.7600000000075 0.4505
567.9600000000075 0.451
568.1600000000076 0.45
568.3600000000076 0.4494
568.5600000000077 0.4482
568.7600000000077 0.4474
568.9600000000078 0.4467
569.1600000000078 0.4462
569.3600000000079 0.4468
569.5600000000079 0.447
569.760000000008 0.4468
569.960000000008 0.4458
570.160000000008 0.4445
570.3600000000081 0.4432
570.5600000000081 0.4419
570.7600000000082 0.4406
570.9600000000082 0.4394
571.1600000000083 0.4402
571.3600000000083 0.441
571.5600000000084 0.4424
571.7600000000084 0.443
571.9600000000084 0.443
572.1600000000085 0.4426
572.3600000000085 0.4421
572.5600000000086 0.4403
572.7600000000086 0.4377
572.9600000000087 0.438
573.1600000000087 0.4396
573.3600000000088 0.4418
573.5600000000088 0.4409
573.7600000000089 0.4405
573.9600000000089 0.4401
574.160000000009 0.442
574.360000000009 0.442
574.560000000009 0.443
574.7600000000091 0.4424
574.9600000000091 0.442
575.1600000000092 0.442
575.3600000000092 0.4388
575.5600000000093 0.4383
575.7600000000093 0.4378
575.9600000000094 0.4372
576.1600000000094 0.4377
576.3600000000094 0.4387
576.5600000000095 0.439
576.7600000000095 0.4389
576.9600000000096 0.4386
577.1600000000096 0.4382
577.3600000000097 0.4385
577.5600000000097 0.44
577.7600000000098 0.4405
577.9600000000098 0.4395
578.1600000000099 0.4382
578.3600000000099 0.4398
578.56000000001 0.4417
578.76000000001 0.4424
578.96000000001 0.4429
579.1600000000101 0.4422
579.3600000000101 0.4416
579.5600000000102 0.4411
579.7600000000102 0.4396
579.9600000000103 0.4384
580.1600000000103 0.4372
580.3600000000104 0.4361
580.5600000000104 0.4374
580.7600000000105 0.439
580.9600000000105 0.4377
581.1600000000105 0.437
581.3600000000106 0.437
581.5600000000106 0.4361
581.7600000000107 0.4343
581.9600000000107 0.4344
582.1600000000108 0.4349
582.3600000000108 0.4354
582.5600000000109 0.4367
582.7600000000109 0.437
582.960000000011 0.4363
583.160000000011 0.4353
583.360000000011 0.438
583.5600000000111 0.438
583.7600000000111 0.4374
583.9600000000112 0.4365
584.1600000000112 0.4355
584.3600000000113 0.4331
584.5600000000113 0.433
584.7600000000114 0.4327
584.9600000000114 0.4321
585.1600000000115 0.4335
585.3600000000115 0.435
585.5600000000115 0.436
585.7600000000116 0.4355
585.9600000000116 0.4338
586.1600000000117 0.4332
586.3600000000117 0.433
586.5600000000118 0.4317
586.7600000000118 0.4314
586.9600000000119 0.4318
587.1600000000119 0.43
587.360000000012 0.43
587.560000000012 0.43
587.760000000012 0.43
587.9600000000121 0.4318
588.1600000000121 0.4358
588.3600000000122 0.4353
588.5600000000122 0.4345
588.7600000000123 0.433
588.9600000000123 0.4315
589.1600000000124 0.4295
589.3600000000124 0.4295
589.5600000000125 0.4304
589.7600000000125 0.4329
589.9600000000125 0.4368
590.1600000000126 0.4354
590.3600000000126 0.4339
590.5600000000127 0.433
590.7600000000127 0.433
590.9600000000128 0.4335
591.1600000000128 0.434
591.3600000000129 0.434
591.5600000000129 0.4331
591.760000000013 0.4319
591.960000000013 0.4301
592.160000000013 0.4279
592.3600000000131 0.4274
592.5600000000131 0.4283
592.7600000000132 0.4305
592.9600000000132 0.4312
593.1600000000133 0.4319
593.3600000000133 0.4313
593.5600000000134 0.4304
593.7600000000134 0.428
593.9600000000135 0.4275
594.1600000000135 0.427
594.3600000000135 0.427
594.5600000000136 0.427
594.7600000000136 0.4278
594.9600000000137 0.4284
595.1600000000137 0.4289
595.3600000000138 0.429
595.5600000000138 0.429
595.7600000000139 0.4285
595.9600000000139 0.4287
596.160000000014 0.4297
596.360000000014 0.4326
596.560000000014 0.4344
596.7600000000141 0.4348
596.9600000000141 0.4329
597.1600000000142 0.4316
597.3600000000142 0.4306
597.5600000000143 0.4298
597.7600000000143 0.4291
597.9600000000144 0.4263
598.1600000000144 0.4267
598.3600000000145 0.4278
598.5600000000145 0.4273
598.7600000000145 0.4265
598.9600000000146 0.4265
599.1600000000146 0.4272
599.3600000000147 0.428
599.5600000000147 0.428
599.7600000000148 0.428
599.9600000000148 0.4276
600.1600000000149 0.4269
600.3600000000149 0.4249
600.560000000015 0.423
600.760000000015 0.4225
600.960000000015 0.4239
601.1600000000151 0.4247
601.3600000000151 0.4241
601.5600000000152 0.4223
601.7600000000152 0.4204
601.9600000000153 0.4218
602.1600000000153 0.4212
602.3600000000154 0.4206
602.5600000000154 0.4202
602.7600000000155 0.4174
602.9600000000155 0.4171
603.1600000000155 0.4176
603.3600000000156 0.4179
603.5600000000156 0.4166
603.7600000000157 0.416
603.9600000000157 0.4173
604.1600000000158 0.4176
604.3600000000158 0.4162
604.5600000000159 0.4142
604.7600000000159 0.4151
604.960000000016 0.4171
605.160000000016 0.4175
605.360000000016 0.4179
605.5600000000161 0.4167
605.7600000000161 0.4154
605.9600000000162 0.4143
606.1600000000162 0.4138
606.3600000000163 0.4123
606.5600000000163 0.4111
606.7600000000164 0.412
606.9600000000164 0.412
607.1600000000165 0.412
607.3600000000165 0.4105
607.5600000000165 0.4097
607.7600000000166 0.4091
607.9600000000166 0.409
608.1600000000167 0.4092
608.3600000000167 0.4099
608.5600000000168 0.4123
608.7600000000168 0.4125
608.9600000000169 0.4118
609.1600000000169 0.4111
609.360000000017 0.4103
609.560000000017 0.4083
609.760000000017 0.408
609.9600000000171 0.408
610.1600000000171 0.408
610.3600000000172 0.408
610.5600000000172 0.408
610.7600000000173 0.4056
610.9600000000173 0.4047
611.1600000000174 0.4041
611.3600000000174 0.4038
611.5600000000175 0.4033
611.7600000000175 0.403
611.9600000000175 0.4024
612.1600000000176 0.4016
612.3600000000176 0.4006
612.5600000000177 0.3996
612.7600000000177 0.3992
612.9600000000178 0.4005
613.1600000000178 0.4016
613.3600000000179 0.402
613.5600000000179 0.402
613.760000000018 0.401
613.960000000018 0.3985
614.160000000018 0.3959
614.3600000000181 0.3933
614.5600000000181 0.3939
614.7600000000182 0.3948
614.9600000000182 0.3945
615.1600000000183 0.3938
615.3600000000183 0.3932
615.5600000000184 0.3916
615.7600000000184 0.3903
615.9600000000185 0.3904
616.1600000000185 0.3911
616.3600000000185 0.3917
616.5600000000186 0.3919
616.7600000000186 0.39
616.9600000000187 0.3885
617.1600000000187 0.3875
617.3600000000188 0.3853
617.5600000000188 0.385
617.7600000000189 0.3856
617.9600000000189 0.386
618.160000000019 0.3858
618.360000000019 0.3851
618.560000000019 0.3845
618.7600000000191 0.3838
618.9600000000191 0.383
619.1600000000192 0.383
619.3600000000192 0.3822
619.5600000000193 0.3782
619.7600000000193 0.3778
619.9600000000194 0.3791
620.1600000000194 0.3797
620.3600000000195 0.3793
620.5600000000195 0.3783
620.7600000000195 0.3769
620.9600000000196 0.3768
621.1600000000196 0.3779
621.3600000000197 0.3796
621.5600000000197 0.3808
621.7600000000198 0.38
621.9600000000198 0.3792
622.1600000000199 0.3744
622.3600000000199 0.3737
622.56000000002 0.3739
622.76000000002 0.3729
622.96000000002 0.3714
623.1600000000201 0.3694
623.3600000000201 0.3718
623.5600000000202 0.374
623.7600000000202 0.3721
623.9600000000203 0.3714
624.1600000000203 0.3712
624.3600000000204 0.3717
624.5600000000204 0.372
624.7600000000205 0.3717
624.9600000000205 0.3707
625.1600000000205 0.3697
625.3600000000206 0.3684
625.5600000000206 0.3687
625.7600000000207 0.3681
625.9600000000207 0.3668
626.1600000000208 0.3656
626.3600000000208 0.364
626.5600000000209 0.3633
626.7600000000209 0.3633
626.960000000021 0.364
627.160000000021 0.3628
627.360000000021 0.3617
627.5600000000211 0.3611
627.7600000000211 0.3616
627.9600000000212 0.3611
628.1600000000212 0.36
628.3600000000213 0.3594
628.5600000000213 0.3586
628.7600000000214 0.3579
628.9600000000214 0.3575
629.1600000000215 0.3571
629.3600000000215 0.353
629.5600000000215 0.353
629.7600000000216 0.355
629.9600000000216 0.355
630.1600000000217 0.355
630.3600000000217 0.3526
630.5600000000218 0.352
630.7600000000218 0.352
630.9600000000219 0.3526
631.1600000000219 0.353
631.360000000022 0.3522
631.560000000022 0.3512
631.760000000022 0.3503
631.9600000000221 0.3507
632.1600000000221 0.3514
632.3600000000222 0.352
632.5600000000222 0.352
632.7600000000223 0.3479
632.9600000000223 0.3472
633.1600000000224 0.3464
633.3600000000224 0.347
633.5600000000225 0.3489
633.7600000000225 0.3481
633.9600000000225 0.3471
634.1600000000226 0.3444
634.3600000000226 0.344
634.5600000000227 0.344
634.7600000000227 0.344
634.9600000000228 0.3438
635.1600000000228 0.3431
635.3600000000229 0.3438
635.5600000000229 0.3433
635.760000000023 0.3427
635.960000000023 0.3422
636.160000000023 0.342
636.3600000000231 0.3418
636.5600000000231 0.3375
636.7600000000232 0.3358
636.9600000000232 0.3353
637.1600000000233 0.3334
637.3600000000233 0.333
637.5600000000234 0.3337
637.7600000000234 0.3352
637.9600000000235 0.3359
638.1600000000235 0.3355
638.3600000000235 0.3351
638.5600000000236 0.3358
638.7600000000236 0.3347
638.9600000000237 0.3317
639.1600000000237 0.3314
639.3600000000238 0.3311
639.5600000000238 0.332
639.7600000000239 0.3313
639.9600000000239 0.33
640.160000000024 0.3292
640.360000000024 0.3297
640.560000000024 0.3265
640.7600000000241 0.3252
640.9600000000241 0.325
641.1600000000242 0.325
641.3600000000242 0.325
641.5600000000243 0.325
641.7600000000243 0.325
641.9600000000244 0.3243
642.1600000000244 0.3221
642.3600000000245 0.321
642.5600000000245 0.321
642.7600000000245 0.321
642.9600000000246 0.321
643.1600000000246 0.321
643.3600000000247 0.3205
643.5600000000247 0.3191
643.7600000000248 0.3181
643.9600000000248 0.3171
644.1600000000249 0.3159
644.3600000000249 0.3147
644.560000000025 0.314
644.760000000025 0.314
644.960000000025 0.3154
645.1600000000251 0.3174
645.3600000000251 0.318
645.5600000000252 0.318
645.7600000000252 0.3168
645.9600000000253 0.316
646.1600000000253 0.3159
646.3600000000254 0.314
646.5600000000254 0.3124
646.7600000000255 0.3111
646.9600000000255 0.3104
647.1600000000255 0.31
647.3600000000256 0.31
647.5600000000256 0.3111
647.7600000000257 0.312
647.9600000000257 0.311
648.1600000000258 0.3098
648.3600000000258 0.3087
648.5600000000259 0.3074
648.7600000000259 0.3066
648.960000000026 0.306
649.160000000026 0.3064
649.360000000026 0.307
649.5600000000261 0.3063
649.7600000000261 0.305
649.9600000000262 0.3038
650.1600000000262 0.3033
650.3600000000263 0.3046
650.5600000000263 0.305
650.7600000000264 0.3048
650.9600000000264 0.3041
651.1600000000265 0.3017
651.3600000000265 0.301
651.5600000000265 0.301
651.7600000000266 0.301
651.9600000000266 0.301
652.1600000000267 0.301
652.3600000000267 0.301
652.5600000000268 0.301
652.7600000000268 0.3003
652.9600000000269 0.299
653.1600000000269 0.2983
653.360000000027 0.299
653.560000000027 0.297
653.760000000027 0.297
653.9600000000271 0.2963
654.1600000000271 0.296
654.3600000000272 0.2958
654.5600000000272 0.2952
654.7600000000273 0.295
654.9600000000273 0.2945
655.1600000000274 0.294
655.3600000000274 0.294
655.5600000000275 0.294
655.7600000000275 0.2939
655.9600000000275 0.292
656.1600000000276 0.2922
656.3600000000276 0.2926
656.5600000000277 0.293
656.7600000000277 0.292
656.9600000000278 0.292
657.1600000000278 0.292
657.3600000000279 0.292
657.5600000000279 0.2915
657.760000000028 0.2912
657.960000000028 0.2918
658.160000000028 0.2897
658.3600000000281 0.2882
658.5600000000281 0.2867
658.7600000000282 0.2848
658.9600000000282 0.284
659.1600000000283 0.284
659.3600000000283 0.2837
659.5600000000284 0.2833
659.7600000000284 0.283
659.9600000000285 0.284
660.1600000000285 0.284
660.3600000000285 0.2836
660.5600000000286 0.2829
660.7600000000286 0.2825
660.9600000000287 0.2821
661.1600000000287 0.281
661.3600000000288 0.2797
661.5600000000288 0.2784
661.7600000000289 0.2769
661.9600000000289 0.2764
662.160000000029 0.276
662.360000000029 0.2756
662.560000000029 0.2748
662.7600000000291 0.274
662.9600000000291 0.2714
663.1600000000292 0.271
663.3600000000292 0.271
663.5600000000293 0.2727
663.7600000000293 0.273
663.9600000000294 0.2724
664.1600000000294 0.2704
664.3600000000295 0.2687
664.5600000000295 0.2678
664.7600000000295 0.2659
664.9600000000296 0.2637
665.1600000000296 0.2633
665.3600000000297 0.263
665.5600000000297 0.263
665.7600000000298 0.263
665.9600000000298 0.263
666.1600000000299 0.263
666.3600000000299 0.263
666.56000000003 0.2626
666.76000000003 0.2616
666.96000000003 0.261
667.1600000000301 0.2594
667.3600000000301 0.2582
667.5600000000302 0.2584
667.7600000000302 0.2589
667.9600000000303 0.2579
668.1600000000303 0.2574
668.3600000000304 0.2564
668.5600000000304 0.2544
668.7600000000305 0.2534
668.9600000000305 0.252
669.1600000000305 0.252
669.3600000000306 0.252
669.5600000000306 0.252
669.7600000000307 0.252
669.9600000000307 0.2512
670.1600000000308 0.251
670.3600000000308 0.251
670.5600000000309 0.2492
670.7600000000309 0.2475
670.960000000031 0.2475
671.160000000031 0.248
671.360000000031 0.248
671.5600000000311 0.2474
671.7600000000311 0.2452
671.9600000000312 0.244
672.1600000000312 0.244
672.3600000000313 0.2429
672.5600000000313 0.241
672.7600000000314 0.2406
672.9600000000314 0.2402
673.1600000000315 0.2394
673.3600000000315 0.2404
673.5600000000316 0.2408
673.7600000000316 0.2401
673.9600000000316 0.237
674.1600000000317 0.2365
674.3600000000317 0.2346
674.5600000000318 0.2326
674.7600000000318 0.2309
674.9600000000319 0.2302
675.1600000000319 0.2331
675.360000000032 0.2335
675.560000000032 0.2339
675.760000000032 0.231
675.9600000000321 0.229
676.1600000000321 0.228
676.3600000000322 0.2271
676.5600000000322 0.2261
676.7600000000323 0.226
676.9600000000323 0.226
677.1600000000324 0.2257
677.3600000000324 0.2247
677.5600000000325 0.2238
677.7600000000325 0.2209
677.9600000000326 0.2205
678.1600000000326 0.2201
678.3600000000326 0.2194
678.5600000000327 0.2186
678.7600000000327 0.218
678.9600000000328 0.217
679.1600000000328 0.217
679.3600000000329 0.2161
679.5600000000329 0.2141
679.760000000033 0.2136
679.960000000033 0.2131
680.160000000033 0.213
680.3600000000331 0.2124
680.5600000000331 0.2116
680.7600000000332 0.2111
680.9600000000332 0.2099
681.1600000000333 0.2092
681.3600000000333 0.2083
681.5600000000334 0.2076
681.7600000000334 0.2072
681.9600000000335 0.209
682.1600000000335 0.2083
682.3600000000336 0.2077
682.5600000000336 0.207
682.7600000000336 0.207
682.9600000000337 0.2068
683.1600000000337 0.2064
683.3600000000338 0.2061
683.5600000000338 0.2007
683.7600000000339 0.2
683.9600000000339 0.2
684.160000000034 0.2
684.360000000034 0.2
684.560000000034 0.1991
684.7600000000341 0.1996
684.9600000000341 0.1996
685.1600000000342 0.1972
685.3600000000342 0.196
685.5600000000343 0.196
685.7600000000343 0.194
685.9600000000344 0.194
686.1600000000344 0.194
686.3600000000345 0.1952
686.5600000000345 0.196
686.7600000000346 0.196
686.9600000000346 0.196
687.1600000000346 0.196
687.3600000000347 0.195
687.5600000000347 0.1909
687.7600000000348 0.1904
687.9600000000348 0.19
688.1600000000349 0.1899
688.3600000000349 0.1893
688.560000000035 0.189
688.760000000035 0.1885
688.960000000035 0.1875
689.1600000000351 0.1852
689.3600000000351 0.1856
689.5600000000352 0.1864
689.7600000000352 0.1868
689.9600000000353 0.1863
690.1600000000353 0.1838
690.3600000000354 0.1834
690.5600000000354 0.183
690.7600000000355 0.183
690.9600000000355 0.183
691.1600000000356 0.1823
691.3600000000356 0.182
691.5600000000356 0.182
691.7600000000357 0.182
691.9600000000357 0.1813
692.1600000000358 0.18
692.3600000000358 0.1788
692.5600000000359 0.1783
692.7600000000359 0.178
692.960000000036 0.178
693.160000000036 0.178
693.360000000036 0.1776
693.5600000000361 0.1771
693.7600000000361 0.1765
693.9600000000362 0.1755
694.1600000000362 0.1736
694.3600000000363 0.173
694.5600000000363 0.1727
694.7600000000364 0.1709
694.9600000000364 0.1705
695.1600000000365 0.17
695.3600000000365 0.171
695.5600000000366 0.1723
695.7600000000366 0.1725
695.9600000000366 0.1716
696.1600000000367 0.1706
696.3600000000367 0.1698
696.5600000000368 0.1693
696.7600000000368 0.1684
696.9600000000369 0.1676
697.1600000000369 0.1671
697.360000000037 0.1663
697.560000000037 0.166
697.760000000037 0.1663
697.9600000000371 0.167
698.1600000000371 0.167
698.3600000000372 0.167
698.5600000000372 0.1667
698.7600000000373 0.1663
698.9600000000373 0.1635
699.1600000000374 0.1627
699.3600000000374 0.1621
699.5600000000375 0.162
699.7600000000375 0.1622
699.9600000000376 0.1627
700.1600000000376 0.1636
700.3600000000376 0.164
700.5600000000377 0.1637
700.7600000000377 0.1624
700.9600000000378 0.1613
701.1600000000378 0.161
701.3600000000379 0.1604
701.5600000000379 0.1598
701.760000000038 0.1594
701.960000000038 0.159
702.160000000038 0.159
702.3600000000381 0.159
702.5600000000381 0.159
702.7600000000382 0.1592
702.9600000000382 0.1595
703.1600000000383 0.1599
703.3600000000383 0.1594
703.5600000000384 0.1587
703.7600000000384 0.1575
703.9600000000385 0.1565
704.1600000000385 0.1562
704.3600000000386 0.1575
704.5600000000386 0.158
704.7600000000386 0.1584
704.9600000000387 0.1588
705.1600000000387 0.157
705.3600000000388 0.154
705.5600000000388 0.1534
705.7600000000389 0.1524
705.9600000000389 0.1511
706.160000000039 0.152
706.360000000039 0.152
706.560000000039 0.1512
706.7600000000391 0.151
706.9600000000391 0.1515
707.1600000000392 0.1519
707.3600000000392 0.1514
707.5600000000393 0.151
707.7600000000393 0.1504
707.9600000000394 0.1494
708.1600000000394 0.149
708.3600000000395 0.149
708.5600000000395 0.149
708.7600000000396 0.1496
708.9600000000396 0.1497
709.1600000000396 0.1491
709.3600000000397 0.1491
709.5600000000397 0.1484
709.7600000000398 0.1472
709.9600000000398 0.1476
710.1600000000399 0.1477
710.3600000000399 0.147
710.56000000004 0.1468
710.76000000004 0.146
710.96000000004 0.146
711.1600000000401 0.1459
711.3600000000401 0.145
711.5600000000402 0.1445
711.7600000000402 0.143
711.9600000000403 0.1426
712.1600000000403 0.1422
712.3600000000404 0.142
712.5600000000404 0.1402
712.7600000000405 0.14
712.9600000000405 0.14
713.1600000000406 0.14
713.3600000000406 0.1409
713.5600000000406 0.1404
713.7600000000407 0.1398
713.9600000000407 0.1388
714.1600000000408 0.1379
714.3600000000408 0.137
714.5600000000409 0.137
714.7600000000409 0.137
714.960000000041 0.136
715.160000000041 0.136
715.360000000041 0.1351
715.5600000000411 0.135
715.7600000000411 0.135
715.9600000000412 0.135
716.1600000000412 0.1357
716.3600000000413 0.1364
716.5600000000413 0.1348
716.7600000000414 0.1342
716.9600000000414 0.1333
717.1600000000415 0.133
717.3600000000415 0.133
717.5600000000416 0.1328
717.7600000000416 0.1315
717.9600000000416 0.131
718.1600000000417 0.131
718.3600000000417 0.13
718.5600000000418 0.1278
718.7600000000418 0.1274
718.9600000000419 0.127
719.1600000000419 0.1282
719.360000000042 0.1285
719.560000000042 0.1272
719.760000000042 0.127
719.9600000000421 0.127
720.1600000000421 0.127
720.3600000000422 0.127
720.5600000000422 0.1269
720.7600000000423 0.1264
720.9600000000423 0.1259
721.1600000000424 0.1249
721.3600000000424 0.1238
721.5600000000425 0.1235
721.7600000000425 0.1232
721.9600000000426 0.122
722.1600000000426 0.122
722.3600000000426 0.122
722.5600000000427 0.1214
722.7600000000427 0.1208
722.9600000000428 0.1201
723.1600000000428 0.1195
723.3600000000429 0.119
723.5600000000429 0.1186
723.760000000043 0.1171
723.960000000043 0.1176
724.160000000043 0.1178
724.3600000000431 0.1159
724.5600000000431 0.1151
724.7600000000432 0.116
724.9600000000432 0.116
725.1600000000433 0.116
725.3600000000433 0.116
725.5600000000434 0.1152
725.7600000000434 0.1133
725.9600000000435 0.1134
726.1600000000435 0.1139
726.3600000000436 0.1147
726.5600000000436 0.1138
726.7600000000436 0.1132
726.9600000000437 0.1136
727.1600000000437 0.1126
727.3600000000438 0.1121
727.5600000000438 0.1124
727.7600000000439 0.1128
727.9600000000439 0.1097
728.160000000044 0.1092
728.360000000044 0.1085
728.560000000044 0.108
728.7600000000441 0.108
728.9600000000441 0.107
729.1600000000442 0.107
729.3600000000442 0.1067
729.5600000000443 0.1058
729.7600000000443 0.1052
729.9600000000444 0.1053
730.1600000000444 0.1057
730.3600000000445 0.106
730.5600000000445 0.1058
730.7600000000446 0.1045
730.9600000000446 0.104
731.1600000000446 0.104
731.3600000000447 0.104
731.5600000000447 0.102
731.7600000000448 0.102
731.9600000000448 0.1022
732.1600000000449 0.1027
732.3600000000449 0.1023
732.560000000045 0.1012
732.760000000045 0.1002
732.960000000045 0.099
733.1600000000451 0.098
733.3600000000451 0.0982
733.5600000000452 0.099
733.7600000000452 0.099
733.9600000000453 0.099
734.1600000000453 0.099
734.3600000000454 0.0989
734.5600000000454 0.098
734.7600000000455 0.098
734.9600000000455 0.098
735.1600000000456 0.098
735.3600000000456 0.098
735.5600000000456 0.0965
735.7600000000457 0.0949
735.9600000000457 0.094
736.1600000000458 0.0941
736.3600000000458 0.0946
736.5600000000459 0.095
736.7600000000459 0.0945
736.960000000046 0.0938
737.160000000046 0.093
737.360000000046 0.093
737.5600000000461 0.093
737.7600000000461 0.093
737.9600000000462 0.093
738.1600000000462 0.0923
738.3600000000463 0.093
738.5600000000463 0.093
738.7600000000464 0.0915
738.9600000000464 0.0906
739.1600000000465 0.0901
739.3600000000465 0.0896
739.5600000000466 0.0891
739.7600000000466 0.0895
739.9600000000466 0.09
740.1600000000467 0.09
740.3600000000467 0.09
740.5600000000468 0.09
740.7600000000468 0.091
740.9600000000469 0.091
741.1600000000469 0.0903
741.360000000047 0.089
741.560000000047 0.087
741.7600000000471 0.087
741.9600000000471 0.087
742.1600000000471 0.087
742.3600000000472 0.087
742.5600000000472 0.087
742.7600000000473 0.0865
742.9600000000473 0.0853
743.1600000000474 0.085
743.3600000000474 0.085
743.5600000000475 0.085
743.7600000000475 0.086
743.9600000000476 0.0856
744.1600000000476 0.0852
744.3600000000476 0.084
744.5600000000477 0.084
744.7600000000477 0.084
744.9600000000478 0.084
745.1600000000478 0.084
745.3600000000479 0.084
745.5600000000479 0.0834
745.760000000048 0.0827
745.960000000048 0.0821
746.1600000000481 0.0826
746.3600000000481 0.083
746.5600000000481 0.0822
746.7600000000482 0.0806
746.9600000000482 0.0799
747.1600000000483 0.079
747.3600000000483 0.079
747.5600000000484 0.079
747.7600000000484 0.079
747.9600000000485 0.079
748.1600000000485 0.079
748.3600000000486 0.079
748.5600000000486 0.079
748.7600000000486 0.079
748.9600000000487 0.0773
749.1600000000487 0.0762
749.3600000000488 0.0752
749.5600000000488 0.0756
749.7600000000489 0.0764
749.9600000000489 0.077
750.160000000049 0.077
750.360000000049 0.077
750.5600000000491 0.0764
750.7600000000491 0.076
750.9600000000491 0.076
751.1600000000492 0.075
751.3600000000492 0.0748
751.5600000000493 0.0743
751.7600000000493 0.074
751.9600000000494 0.074
752.1600000000494 0.0741
752.3600000000495 0.0745
752.5600000000495 0.0749
752.7600000000496 0.074
752.9600000000496 0.074
753.1600000000496 0.074
753.3600000000497 0.0736
753.5600000000497 0.0729
753.7600000000498 0.0723
753.9600000000498 0.0714
754.1600000000499 0.071
754.3600000000499 0.071
754.56000000005 0.071
754.76000000005 0.07
754.9600000000501 0.07
755.1600000000501 0.0704
755.3600000000501 0.0709
755.5600000000502 0.071
755.7600000000502 0.07
755.9600000000503 0.07
756.1600000000503 0.07
756.3600000000504 0.07
756.5600000000504 0.07
756.7600000000505 0.0689
756.9600000000505 0.0679
757.1600000000506 0.0671
757.3600000000506 0.068
757.5600000000506 0.068
757.7600000000507 0.0687
757.9600000000507 0.069
758.1600000000508 0.069
758.3600000000508 0.069
758.5600000000509 0.069
758.7600000000509 0.0684
758.960000000051 0.0668
759.160000000051 0.066
759.3600000000511 0.0663
759.5600000000511 0.0667
759.7600000000511 0.0668
759.9600000000512 0.066
760.1600000000512 0.066
760.3600000000513 0.0649
760.5600000000513 0.0643
760.7600000000514 0.0643
760.9600000000514 0.065
761.1600000000515 0.0637
761.3600000000515 0.063
761.5600000000516 0.0634
761.7600000000516 0.0639
761.9600000000517 0.0642
762.1600000000517 0.0649
762.3600000000517 0.065
762.5600000000518 0.065
762.7600000000518 0.0636
762.9600000000519 0.063
763.1600000000519 0.063
763.360000000052 0.063
763.560000000052 0.063
763.7600000000521 0.063
763.9600000000521 0.063
764.1600000000522 0.0625
764.3600000000522 0.062
764.5600000000522 0.0611
764.7600000000523 0.061
764.9600000000523 0.0614
765.1600000000524 0.062
765.3600000000524 0.062
765.5600000000525 0.061
765.7600000000525 0.061
765.9600000000526 0.061
766.1600000000526 0.061
766.3600000000527 0.061
766.5600000000527 0.061
766.7600000000527 0.0608
766.9600000000528 0.0604
767.1600000000528 0.059
767.3600000000529 0.059
767.5600000000529 0.0585
767.760000000053 0.058
767.960000000053 0.058
768.1600000000531 0.0586
768.3600000000531 0.0583
768.5600000000532 0.0588
768.7600000000532 0.059
768.9600000000532 0.0589
769.1600000000533 0.0584
769.3600000000533 0.058
769.5600000000534 0.058
769.7600000000534 0.0583
769.9600000000535 0.0588
770.1600000000535 0.059
770.3600000000536 0.059
770.5600000000536 0.059
770.7600000000537 0.058
770.9600000000537 0.0574
771.1600000000537 0.057
771.3600000000538 0.057
771.5600000000538 0.057
771.7600000000539 0.057
771.9600000000539 0.057
772.160000000054 0.057
772.360000000054 0.057
772.5600000000541 0.057
772.7600000000541 0.057
772.9600000000542 0.0568
773.1600000000542 0.056
773.3600000000542 0.0556
773.5600000000543 0.0551
773.7600000000543 0.056
773.9600000000544 0.0556
774.1600000000544 0.0552
774.3600000000545 0.055
774.5600000000545 0.055
774.7600000000546 0.055
774.9600000000546 0.055
775.1600000000547 0.0547
775.3600000000547 0.054
775.5600000000547 0.054
775.7600000000548 0.054
775.9600000000548 0.0535
776.1600000000549 0.0532
776.3600000000549 0.054
776.560000000055 0.054
776.760000000055 0.0539
776.9600000000551 0.053
777.1600000000551 0.053
777.3600000000552 0.053
777.5600000000552 0.053
777.7600000000552 0.053
777.9600000000553 0.053
778.1600000000553 0.053
778.3600000000554 0.0528
778.5600000000554 0.0521
778.7600000000555 0.052
778.9600000000555 0.0525
779.1600000000556 0.053
779.3600000000556 0.0526
779.5600000000557 0.0517
779.7600000000557 0.0512
779.9600000000557 0.051
780.1600000000558 0.051
780.3600000000558 0.051
780.5600000000559 0.051
780.7600000000559 0.051
780.960000000056 0.051
781.160000000056 0.051
781.3600000000561 0.0508
781.5600000000561 0.0503
781.7600000000562 0.05
781.9600000000562 0.05
782.1600000000562 0.05
782.3600000000563 0.05
782.5600000000563 0.052
782.7600000000564 0.052
782.9600000000564 0.0519
783.1600000000565 0.051
783.3600000000565 0.051
783.5600000000566 0.051
783.7600000000566 0.0505
783.9600000000567 0.049
784.1600000000567 0.0482
784.3600000000567 0.0487
784.5600000000568 0.049
784.7600000000568 0.049
784.9600000000569 0.049
785.1600000000569 0.049
785.360000000057 0.0485
785.560000000057 0.048
785.7600000000571 0.0481
785.9600000000571 0.0488
786.1600000000572 0.0484
786.3600000000572 0.048
786.5600000000572 0.0479
786.7600000000573 0.0473
786.9600000000573 0.047
787.1600000000574 0.047
787.3600000000574 0.047
787.5600000000575 0.0461
787.7600000000575 0.0466
787.9600000000576 0.0466
788.1600000000576 0.0462
788.3600000000577 0.0467
788.5600000000577 0.0465
788.7600000000577 0.046
788.9600000000578 0.046
789.1600000000578 0.046
789.3600000000579 0.0457
789.5600000000579 0.0453
789.760000000058 0.0458
789.960000000058 0.046
790.1600000000581 0.046
790.3600000000581 0.047
790.5600000000582 0.047
790.7600000000582 0.047
790.9600000000582 0.0465
791.1600000000583 0.0461
791.3600000000583 0.046
791.5600000000584 0.0455
791.7600000000584 0.045
791.9600000000585 0.045
792.1600000000585 0.045
792.3600000000586 0.0457
792.5600000000586 0.046
792.7600000000587 0.046
792.9600000000587 0.0459
793.1600000000587 0.045
793.3600000000588 0.045
793.5600000000588 0.045
793.7600000000589 0.046
793.9600000000589 0.0469
794.160000000059 0.0466
794.360000000059 0.0462
794.5600000000591 0.0446
794.7600000000591 0.0441
794.9600000000592 0.0441
795.1600000000592 0.0446
795.3600000000592 0.0448
795.5600000000593 0.044
795.7600000000593 0.044
795.9600000000594 0.044
796.1600000000594 0.0443
796.3600000000595 0.0448
796.5600000000595 0.045
796.7600000000596 0.045
796.9600000000596 0.044
797.1600000000597 0.044
797.3600000000597 0.044
797.5600000000597 0.044
797.7600000000598 0.044
797.9600000000598 0.044
798.1600000000599 0.044
798.3600000000599 0.0438
798.56000000006 0.0432
798.76000000006 0.043
798.9600000000601 0.043
799.1600000000601 0.0426
799.3600000000602 0.042
799.5600000000602 0.042
799.7600000000602 0.0421
799.9600000000603 0.0427
800.1600000000603 0.0422
800.3600000000604 0.0425
800.5600000000604 0.0426
800.7600000000605 0.042
800.9600000000605 0.042
801.1600000000606 0.0412
801.3600000000606 0.0417
801.5600000000607 0.0417
801.7600000000607 0.0412
801.9600000000607 0.0418
802.1600000000608 0.042
802.3600000000608 0.042
802.5600000000609 0.042
802.7600000000609 0.042
802.960000000061 0.042
803.160000000061 0.0425
803.3600000000611 0.0433
803.5600000000611 0.044
803.7600000000612 0.0428
803.9600000000612 0.0423
804.1600000000612 0.0423
804.3600000000613 0.0429
804.5600000000613 0.043
804.7600000000614 0.043
804.9600000000614 0.043
805.1600000000615 0.0428
805.3600000000615 0.0419
805.5600000000616 0.0414
805.7600000000616 0.041
805.9600000000617 0.0416
806.1600000000617 0.042
806.3600000000617 0.042
806.5600000000618 0.0415
806.7600000000618 0.041
806.9600000000619 0.041
807.1600000000619 0.0419
807.360000000062 0.042
807.560000000062 0.042
807.7600000000621 0.042
807.9600000000621 0.042
808.1600000000622 0.042
808.3600000000622 0.0414
808.5600000000622 0.0406
808.7600000000623 0.04
808.9600000000623 0.0402
809.1600000000624 0.0409
809.3600000000624 0.0406
809.5600000000625 0.0402
809.7600000000625 0.041
809.9600000000626 0.041
810.1600000000626 0.0405
810.3600000000627 0.0404
810.5600000000627 0.041
810.7600000000627 0.0408
810.9600000000628 0.0403
811.1600000000628 0.04
811.3600000000629 0.04
811.5600000000629 0.04
811.760000000063 0.04
811.960000000063 0.04
812.1600000000631 0.04
812.3600000000631 0.04
812.5600000000632 0.04
812.7600000000632 0.04
